 
  
  local library = loadstring(game:HttpGet("https://raw.githubusercontent.com/GreenDeno/Venyx-UI-Library/main/source.lua"))()
  local venyx = library.new("Anime Fighters Simulator")
  local themes = {
      Background = Color3.fromRGB(24, 24, 24),
      Glow = Color3.fromRGB(0, 0, 0),
      Accent = Color3.fromRGB(10, 10, 10),
      LightContrast = Color3.fromRGB(20, 20, 20),
      DarkContrast = Color3.fromRGB(14, 14, 14),
      TextColor = Color3.fromRGB(255, 255, 255)
  }
  ----------------------------------------------------------------------
  local page = venyx:addPage("Teleport", 5012544693)
  local section1 = page:addSection("Functions")
  local page1 = venyx:addPage("Credits", 5012544693)
  local section2 = page1:addSection("Admin")
  
local theme = venyx:addPage("Theme", 5012544693)
local colors = theme:addSection("Colors")

for theme, color in pairs(themes) do 
 colors:addColorPicker(theme, color, function(color3)
  venyx:setTheme(theme, color3)
 end)
end
 
   section1:addButton("Trial", function()
    game.Players.LocalPlayer.Character.HumanoidRootPart.CFrame = CFrame.new(-3805.25439, -189.387878, 913.236389, 1, 0, 0, 0, 1, 0, 0, 0, 1)
   end)
   section1:addButton("Halloween", function()
     game.Players.LocalPlayer.Character.HumanoidRootPart.CFrame = CFrame.new(-680.053833, -184.902618, 8048.45312, 1, 0, 0, 0, 1, 0, 0, 0, 1)
   end)
   section1:addButton("7 deadly sins", function()
     game.Players.LocalPlayer.Character.HumanoidRootPart.CFrame = CFrame.new(4280.87646, -181.647736, 737.012207, -0.999848306, 0.00068830594, 0.0174062662, 7.06058927e-08, 0.999219298, -0.0395077355, -0.0174198709, -0.0395017378, -0.999067664)
   end)
   section1:addButton("Smile", function()
     game.Players.LocalPlayer.Character.HumanoidRootPart.CFrame = CFrame.new(4881.67383, -185.801102, 3775.04858, -0.173624277, 0, -0.984811902, 0, 1, 0, 0.984811902, 0, -0.173624277)
   end)
   section1:addButton("Empty Dimension", function()
    game.Players.LocalPlayer.Character.HumanoidRootPart.CFrame = CFrame.new(-2835.14624, -182.386063, -3575.94141, -0.999587178, -0.00143664796, -0.028695181, 9.13569238e-08, 0.998748958, -0.0500064455, 0.0287311189, -0.0499858074, -0.998336613)
   end)
   section1:addButton("Ninja Village", function()
     game.Players.LocalPlayer.Character.HumanoidRootPart.CFrame = CFrame.new(-88.8057938, -182.028519, 2661.86816, -0.999272764, -0.0197775438, 0.0326002389, -0.0161807723, 0.994114459, 0.107120492, -0.034526974, 0.106515087, -0.993711412)
   end)
   section1:addButton("Hero University", function()
     game.Players.LocalPlayer.Character.HumanoidRootPart.CFrame = CFrame.new(-1971.2655, -183.631912, 2090.34546, -0.861459494, -0.0205101725, -0.507411838, 2.94414349e-07, 0.999184132, -0.040388681, 0.507826269, -0.0347933695, -0.860756516)
   end)
   section1:addButton("Ghoul Town", function()
     game.Players.LocalPlayer.Character.HumanoidRootPart.CFrame = CFrame.new(-1919.24133, -182.009064, -1524.79102, -0.999201715, 0.00162236462, 0.0399172306, -3.53902578e-08, 0.999175072, -0.0406105965, -0.0399501845, -0.0405781791, -0.998377383)
   end)
   section1:addButton("XYZ Metropolis", function()
   game.Players.LocalPlayer.Character.HumanoidRootPart.CFrame = CFrame.new(1090.96936, -181.799194, 4362.80225, -0.988759577, -0.00771337282, -0.149315327, -7.24248821e-08, 0.998668432, -0.0515890308, 0.149514437, -0.0510091409, -0.987442911)
   end)
   section1:addButton("Walled City", function()
    game.Players.LocalPlayer.Character.HumanoidRootPart.CFrame = CFrame.new(-712.933105, -182.006027, 605.531555, -0.998508096, -0.0107760029, -0.0535297096, -0.0140083395, 0.998077214, 0.0603805371, 0.0527761281, 0.0610403195, -0.996739089)
   end)
   section1:addButton("Kingdom of Four", function()
    game.Players.LocalPlayer.Character.HumanoidRootPart.CFrame = CFrame.new(2125.35205, -182.384018, -5671.41943, -0.999816418, 0.000747589744, 0.0191431195, 2.65426934e-07, 0.999238908, -0.0390070602, -0.01915773, -0.0389998853, -0.999055564)
   end)
   section1:addButton("Super Island", function()
    game.Players.LocalPlayer.Character.HumanoidRootPart.CFrame = CFrame.new(-2411.84717, -183.638672, 483.593353, 0.495641291, -0.0329828635, -0.867900848, 1.41444616e-07, 0.999278724, -0.0379755534, 0.868527412, 0.0188221671, 0.495283723)
   end)
   section1:addButton("Fruits Island", function()
   game.Players.LocalPlayer.Character.HumanoidRootPart.CFrame = CFrame.new(1711.84155, -181.478989, 364.911957, 0.386213362, 0.0705994293, 0.919703662, 3.37604433e-08, 0.997066617, -0.076538071, -0.922409415, 0.0295600612, 0.385080487)
   end)
   section1:addButton("Lucky Kingdom", function()
    game.Players.LocalPlayer.Character.HumanoidRootPart.CFrame = CFrame.new(-62.8191414, -182.372742, -3817.07861, 0.999713302, -0.000979576493, -0.0239227004, -5.7334546e-08, 0.999162674, -0.0409143753, 0.0239427481, 0.0409026407, 0.998876214)
   end)
   section1:addButton("Chimera Jungle", function()
     game.Players.LocalPlayer.Character.HumanoidRootPart.CFrame = CFrame.new(1610.43396, -181.416504, 2264.52246, 0.0997513458, 0.039982833, 0.994208813, -1.59780029e-07, 0.999192357, -0.0401832238, -0.995012343, 0.0040081488, 0.0996707901)
   end)
   section1:addButton("Land of Alchemy", function()
     game.Players.LocalPlayer.Character.HumanoidRootPart.CFrame = CFrame.new(3867.69531, -182.375488, -2876.58521, 0.999985993, 0.000210599275, 0.005301781, 3.77185643e-08, 0.999211967, -0.0396917947, -0.00530597195, 0.039691247, 0.99919796)
   end)
   section1:addButton("Flame City", function()
      game.Players.LocalPlayer.Character.HumanoidRootPart.CFrame = CFrame.new(-5161.03223, -183.642212, -4636.45508, -0.579369426, 0.0389373712, 0.814134479, 2.76399078e-07, 0.998858213, -0.0477719009, -0.815065026, -0.0276773386, -0.578707993)
  end)
  section1:addButton("Divine Colosseum", function()
     game.Players.LocalPlayer.Character.HumanoidRootPart.CFrame = CFrame.new(-1893.21838, -183.275772, 5566.13623, 0.993126273, -0.00456998916, -0.11695835, 1.65135134e-07, 0.999237537, -0.0390425697, 0.117047593, 0.0387741849, 0.992369115)
  end)
     section1:addButton("Crazy Town", function()
       game.Players.LocalPlayer.Character.HumanoidRootPart.CFrame = CFrame.new(6.39174891, -182.390045, -2331.66406, 0.999683261, 0.0179331005, 0.0176598672, -0.0189045556, 0.998225152, 0.056472525, -0.0166157801, -0.0567884892, 0.998248041)
     end)
     section1:addButton("Slayer Army", function()
       game.Players.LocalPlayer.Character.HumanoidRootPart.CFrame = CFrame.new(-3050.9917, -182.758362, -959.436157, 0.999999106, 5.99073246e-05, 0.00128304958, 3.45666194e-07, 0.998898208, -0.0469279625, -0.00128444657, 0.0469279103, 0.998897433)
     end)
     section1:addButton("Virtual Castle", function()
       game.Players.LocalPlayer.Character.HumanoidRootPart.CFrame = CFrame.new(331.930603, -181.715393, -454.149414, -0.634811342, 0.00784784742, 0.772627413, -5.08967787e-07, 0.999948382, -0.010157248, -0.77266717, -0.00644834153, -0.634778559)
     end)
          section1:addButton("Cursed High", function()
        game.Players.LocalPlayer.Character.HumanoidRootPart.CFrame = CFrame.new(1795.03357, -182.381424, -2064.75781, 0.999822497, 0.0164949652, 0.00910182763, -0.0170292016, 0.997923076, 0.062126182, -0.0080581326, -0.0622701496, 0.998026848)
          end)
           section1:addButton("Desten Island", function()
       game.Players.LocalPlayer.Character.HumanoidRootPart.CFrame = CFrame.new(-4914.05273, -183.636383, -2306.74097, -0.522667825, 0.037207827, 0.851724029, 2.16823537e-07, 0.99904716, -0.0436435342, -0.85253644, -0.0228108726, -0.522169769)
           end)
            section1:addButton("Desten Island", function()
       game.Players.LocalPlayer.Character.HumanoidRootPart.CFrame = CFrame.new(-4914.05273, -183.636383, -2306.74097, -0.522667825, 0.037207827, 0.851724029, 2.16823537e-07, 0.99904716, -0.0436435342, -0.85253644, -0.0228108726, -0.522169769)
            end)
 
             section2:addButton("Terni#2223", function()
      
     end)


  venyx:SelectPage(venyx.pages[7], true)