wait(1)
--By Rufus14
mouse = game.Players.LocalPlayer:GetMouse()
local rhandclone = game.Players.LocalPlayer.Character.Torso["Right Shoulder"]:Clone()
game.Players.LocalPlayer.Character.Torso["Right Shoulder"]:Remove()
local rhandweld = Instance.new("Weld", game.Players.LocalPlayer.Character.Torso)
rhandweld.Part0 = game.Players.LocalPlayer.Character.Torso
rhandweld.Part1 = game.Players.LocalPlayer.Character["Right Arm"]
rhandweld.C0 = CFrame.new(1.5, 0, 0, 1, -1.6395192e-43, 0, -1.6395192e-43, 1, 0, 0, 0, 1)
local lhandclone = game.Players.LocalPlayer.Character.Torso["Left Shoulder"]:Clone()
game.Players.LocalPlayer.Character.Torso["Left Shoulder"]:Remove()
local lhandweld = Instance.new("Weld", game.Players.LocalPlayer.Character.Torso)
lhandweld.Part0 = game.Players.LocalPlayer.Character.Torso
lhandweld.Part1 = game.Players.LocalPlayer.Character["Left Arm"]
lhandweld.C0 = CFrame.new(-1.5, 0, 0, 1, -1.6395192e-43, 0, -1.6395192e-43, 1, 0, 0, 0, 1)
local llegclone = game.Players.LocalPlayer.Character.Torso["Left Hip"]:Clone()
game.Players.LocalPlayer.Character.Torso["Left Hip"]:Remove()
local llegweld = Instance.new("Weld", game.Players.LocalPlayer.Character.Torso)
llegweld.Part0 = game.Players.LocalPlayer.Character.Torso
llegweld.Part1 = game.Players.LocalPlayer.Character["Left Leg"]
llegweld.C0 = CFrame.new(-0.5, -1, 0, -0, -0, -1, 0, 1, 0, 1, 0, 0)
local rlegclone = game.Players.LocalPlayer.Character.Torso["Right Hip"]:Clone()
game.Players.LocalPlayer.Character.Torso["Right Hip"]:Remove()
local rlegweld = Instance.new("Weld", game.Players.LocalPlayer.Character.Torso)
rlegweld.Part0 = game.Players.LocalPlayer.Character.Torso
rlegweld.Part1 = game.Players.LocalPlayer.Character["Right Leg"]
rlegweld.C0 = CFrame.new(0.5, -1, 0, 0, 0, 1, 0, 1, 0, -1, -0, -0)
local rootjointclone = game.Players.LocalPlayer.Character.HumanoidRootPart.RootJoint:Clone()
game.Players.LocalPlayer.Character.HumanoidRootPart.RootJoint:Remove()
local humanoidrootpart = Instance.new("Weld", game.Players.LocalPlayer.Character.Torso)
humanoidrootpart.Part0 = game.Players.LocalPlayer.Character.HumanoidRootPart
humanoidrootpart.Part1 = game.Players.LocalPlayer.Character.Torso
local heed = game.Players.LocalPlayer.Character.Torso["Neck"]:Clone()
local headweld = Instance.new("Weld", game.Players.LocalPlayer.Character.Torso)
headweld.Part0 = game.Players.LocalPlayer.Character.Torso
headweld.Part1 = game.Players.LocalPlayer.Character.Head
headweld.C0 = headweld.C0 * CFrame.new(0,1.5,0)
game.Players.LocalPlayer.Character.Torso.Neck:Remove()
game.Players.LocalPlayer.Character.Humanoid.WalkSpeed = 25
game.Players.LocalPlayer.Character.Humanoid.MaxHealth = math.huge
game.Players.LocalPlayer.Character.Humanoid.Health = math.huge
Sound0 = Instance.new("Sound")
Sound0.Volume = 5
Sound0.Parent = game.Players.LocalPlayer.Character.Head
Sound0.SoundId = "rbxassetid://173987372"
Sound0.Looped = true
Sound0:Play()
canwalk = true
howmuch = 0
hittd = false
function change(key)
    if key == "w" or key == "a" or key == "s" or key == "d" then
        howmuch = howmuch + 1
    end
end
function otherchange(key)
    if key == "w" or key == "a" or key == "s" or key == "d" then
        howmuch = howmuch - 1
    end
end
mouse.KeyDown:connect(change)
mouse.KeyUp:connect(otherchange)
--By Rufus14
mouse = game.Players.LocalPlayer:GetMouse()
using = false
hittd = false
--Converted with ttyyuu12345's model to script plugin v4
local txtfag = Instance.new("BillboardGui", game.Players.LocalPlayer.Character.Head)
txtfag.Adornee = suckadick
txtfag.Name = "kys nigga"
txtfag.Size = UDim2.new(2, 0, 1.2, 0)
txtfag.StudsOffset = Vector3.new(-5, 3, 0)
local textfag = Instance.new("TextLabel", txtfag)
textfag.Size = UDim2.new(6, 0, 1, 0)
textfag.FontSize = "Size8"
textfag.TextScaled = true
textfag.TextTransparency = 0
textfag.BackgroundTransparency = 1
textfag.TextTransparency = 0
textfag.TextStrokeTransparency = 0
textfag.Font = "Cartoon"
textfag.TextStrokeColor3 = Color3.new(0, 1, 0)
v = Instance.new("Part")
v.Name = "ColorBrick"
v.Parent = part
v.FormFactor = "Symmetric"
v.Anchored = true
v.CanCollide = false
v.BottomSurface = "Smooth"
v.TopSurface = "Smooth"
v.Size = Vector3.new(10, 5, 3)
v.Transparency = 0.7
v.BrickColor = game.Players.LocalPlayer.Character.Torso.BrickColor
v.Transparency = 1
textfag.TextColor3 = v.BrickColor.Color
textfag.TextStrokeColor3 = Color3.new(0, 0, 0)
v.Shape = "Block"
textfag.Text = "Script By Rufus14"
wait(2)
textfag.Text = "lol"
wait(0.3)
textfag.Text = game.Players.LocalPlayer.Character.Name.." The Brutal Anti-Furry and anti-skid"
function sandbox(var,func)
	local env = getfenv(func)
	local newenv = setmetatable({},{
		__index = function(self,k)
			if k=="script" then
				return var
			else
				return env[k]
			end
		end,
	})
	setfenv(func,newenv)
	return func
end
cors = {}
mas = Instance.new("Model",game:GetService("Lighting"))
Model0 = Instance.new("Model")
Part1 = Instance.new("Part")
Weld2 = Instance.new("Weld")
Part3 = Instance.new("Part")
Decal4 = Instance.new("Decal")
Decal5 = Instance.new("Decal")
Model0.Name = "Flagloldiefurshits"
Model0.Parent = mas
Part1.Name = "Stick"
Part1.Parent = Model0
Part1.Material = Enum.Material.Wood
Part1.BrickColor = BrickColor.new("Dark orange")
Part1.Rotation = Vector3.new(0, 0, 126)
Part1.Shape = Enum.PartType.Cylinder
Part1.Size = Vector3.new(5.71999931, 0.319999993, 0.839999914)
Part1.CFrame = CFrame.new(-11.7340431, 3.40531874, -51.7842827, -0.58777535, -0.809025586, 0, 0.809025586, -0.58777535, 0, 0, 0, 1)
Part1.BottomSurface = Enum.SurfaceType.Smooth
Part1.TopSurface = Enum.SurfaceType.Smooth
Part1.Color = Color3.new(0.627451, 0.372549, 0.207843)
Part1.Position = Vector3.new(-11.7340431, 3.40531874, -51.7842827)
Part1.Orientation = Vector3.new(0, 0, 126)
Part1.Color = Color3.new(0.627451, 0.372549, 0.207843)
Weld2.Parent = Part1
Weld2.C0 = CFrame.new(1.73310661, 1.69616222, 0.00998687744, -2.56299973e-06, 1.00000119, 0, -1.00000119, -2.56299973e-06, 0, 0, 0, 1)
Weld2.Part0 = Part1
Weld2.Part1 = Part3
Part3.Name = "Flag"
Part3.Parent = Model0
Part3.BrickColor = BrickColor.new("Really black")
Part3.Rotation = Vector3.new(0, 0, 36)
Part3.Size = Vector3.new(3.32999945, 2.10000038, 0.0700000003)
Part3.CFrame = CFrame.new(-14.124959, 3.81048417, -51.7742958, 0.809026122, -0.587772548, 0, 0.587772548, 0.809026122, 0, 0, 0, 1)
Part3.BottomSurface = Enum.SurfaceType.Smooth
Part3.Color = Color3.new(0, 0, 0)
Part3.Position = Vector3.new(-14.124959, 3.81048417, -51.7742958)
Part3.Orientation = Vector3.new(0, 0, 36)
Part3.Color = Color3.new(0, 0, 0)
Decal4.Parent = Part3
Decal4.Texture = "rbxassetid://1150731665"
Decal5.Name = "Decal1"
Decal5.Parent = Part3
Decal5.Texture = "rbxassetid://1150731665"
Decal5.Face = Enum.NormalId.Back
for i,v in pairs(mas:GetChildren()) do
	v.Parent = game:GetService("Players").LocalPlayer.Character
	pcall(function() v:MakeJoints() end)
end
mas:Destroy()
for i,v in pairs(cors) do
	spawn(function()
		pcall(v)
	end)
end
weld = Instance.new("Weld", game.Players.LocalPlayer.Character.Torso)
weld.Part0 = game.Players.LocalPlayer.Character.Torso
weld.Part1 = Part1
weld.C0 = CFrame.new(-0.244045258, 0.405305624, 0.555713654, -0.58777535, -0.809025586, -5.23747954e-22, 0.809025586, -0.58777535, 3.13253081e-22, -5.61275872e-22, -2.39603033e-22, 1)
local punch = Instance.new("Sound", game.Players.LocalPlayer.Character["Right Arm"])
punch.Volume = 3
punch.SoundId = "rbxassetid://131237241"
punch.TimePosition = 0
local FILTHYPRANK = Instance.new("Sound", game.Players.LocalPlayer.Character["Head"])
FILTHYPRANK.Volume = 10
FILTHYPRANK.SoundId = "rbxassetid://676845644"
FILTHYPRANK.TimePosition = 3.6
local thunder = Instance.new("Sound", game.Players.LocalPlayer.Character["Right Arm"])
thunder.Volume = 3
thunder.SoundId = "rbxassetid://949916584"
thunder.TimePosition = 0.4
local meme = Instance.new("Sound", game.Players.LocalPlayer.Character["Right Arm"])
meme.Volume = 3
meme.SoundId = "rbxassetid://949916584"
local gore = Instance.new("Sound", game.Players.LocalPlayer.Character["Right Arm"])
gore.Volume = 4
gore.SoundId = "rbxassetid://429400881"
gore.TimePosition = 0
canbefps = false
function switchfps(key)
	key = key:lower()
	if key == "z" then
		if canbefps then
			canbefps = false
		else
			canbefps = true
		end
	end
end
mouse.KeyDown:connect(switchfps)
function fps()
	if canbefps then
		workspace.CurrentCamera.CFrame = game.Players.LocalPlayer.Character.Head.CFrame * CFrame.new(0,0,-0.9)
	end
end
game:GetService("RunService").RenderStepped:connect(fps)
function tentaclekick(key)
	if key == "f" and not using then
		using = true
		canwalk = false
		for i = 0,0.7 , 0.05 do
			llegweld.C0 = llegweld.C0:lerp(CFrame.new(-0.5, -1.97511852, -0.684444427, 1, 7.09343726e-27, -1.96394811e-26, -1.65597681e-26, 0.829041839, -0.55919075, 1.19149551e-26, 0.55919075, 0.829041839),i)
			rlegweld.C0 = rlegweld.C0:lerp(CFrame.new(0.5, -1.69545364, 1.02498245, 1, 8.33037116e-27, -8.30512761e-27, 1.84277907e-27, 0.587786973, 0.809019029, 1.17634938e-26, -0.809019029, 0.587786973),i)
			lhandweld.C0 = lhandweld.C0:lerp(CFrame.new(-1.50000048, 0.150976658, -0.603237152, 1, -3.70407732e-22, -4.55732897e-22, -2.65674116e-22, 0.406738937, -0.913547099, 5.23749266e-22, 0.913547099, 0.406738907),i)
			rhandweld.C0 = rhandweld.C0:lerp(CFrame.new(1.5, 0.150976658, -0.603237152, 1, -3.70407732e-22, -4.55732897e-22, -2.65674116e-22, 0.406738937, -0.913547099, 5.23749266e-22, 0.913547099, 0.406738907),i)
			humanoidrootpart.C0 = humanoidrootpart.C0:lerp(CFrame.new(0, 0, 0, 1, 1.80491375e-26, -5.65455497e-27, -1.84277907e-26, 0.866028428, -0.499996245, -4.08945493e-27, 0.499996245, 0.866028428):inverse(),i)
			game:GetService("RunService").RenderStepped:wait()
		end
		FILTHYPRANK.TimePosition = 3.8
		FILTHYPRANK:Play()
		wait(0.6)
		local sensoryee = Instance.new("Part", game.Players.LocalPlayer.Character["Right Leg"])
		sensoryee.Size = Vector3.new(1,1,1)
		sensoryee.CanCollide = false
		sensoryee.Transparency = 0
		sensoryee:BreakJoints()
		local weldsensor = Instance.new("Weld", sensoryee)
		weldsensor.Part0 = game.Players.LocalPlayer.Character["Right Leg"]
		weldsensor.Part1 = sensoryee
		weldsensor.C0 = weldsensor.C0 * CFrame.new(0,-0.5,0)
		local function tentacleshot(part)
			sensoryee:destroy()
			local humanoid = part.Parent:findFirstChildOfClass("Humanoid")
			if humanoid then
				local canscan = true
				for i,v in pairs(humanoid.Parent:GetChildren()) do
					if v.ClassName == "Hat" or v.ClassName == "Accessory" then
						if v:findFirstChild("Handle") then
							if v.Handle:findFirstChild("Mesh") then
								if canscan and v.Handle.Mesh.MeshId == "rbxassetid://188699722" or v.Handle.Mesh.MeshId == "http://www.roblox.com/asset/?id=188699722" or v.Handle.Mesh.MeshId == "http://www.roblox.com/asset/?id=170939831" or v.Handle.Mesh.MeshId == "rbxassetid://170939831" or v.Handle.Mesh.MeshId == "http://www.roblox.com/asset/?id=135446047" or v.Handle.Mesh.MeshId == "rbxassetid://135446047" or v.Handle.Mesh.MeshId == "rbxassetid://335037790" or v.Handle.Mesh.MeshId == "rbxassetid://361948302" or v.Handle.Mesh.MeshId == "http://www.roblox.com/asset/?id=361948302" or v.Handle.Mesh.MeshId == "http://www.roblox.com/asset/?id=361948302" or v.Handle.Mesh.MeshId == "http://www.roblox.com/asset/?id=1374148" or v.Handle.Mesh.MeshId == "rbxassetid://1374148" or v.Handle.Mesh.MeshId == "http://www.roblox.com/asset/?id=112495973" or v.Handle.Mesh.MeshId == "rbxassetid://112495973" or v.Name == "FoxTail" or v.Name == "Zootopia_FoxEars" or v.Name == "FurryCatTail" or v.Handle.Mesh.MeshId == "http://www.roblox.com/asset/?id=112495973" or v.Name == "ArcticFoxHead" then
									canscan = false
									hittd = true
									local furfaggrowl = Instance.new("Sound", humanoid.Parent.Head)
									furfaggrowl.SoundId = "rbxassetid://534269232"
									furfaggrowl.Volume = 7
									furfaggrowl:Play()
									punch:Play()
									local rhandclone = humanoid.Parent.Torso["Right Shoulder"]:Clone()
									local rhandweld = Instance.new("Weld", humanoid.Parent.Torso)
									rhandweld.Part0 = humanoid.Parent.Torso
									rhandweld.Part1 = humanoid.Parent["Right Arm"]
									rhandweld.C0 = CFrame.new(1.5, 0, 0, 1, -1.6395192e-43, 0, -1.6395192e-43, 1, 0, 0, 0, 1)
									local lhandweld = Instance.new("Weld", humanoid.Parent.Torso)
									lhandweld.Part0 = humanoid.Parent.Torso
									lhandweld.Part1 = humanoid.Parent["Left Arm"]
									lhandweld.C0 = CFrame.new(-1.5, 0, 0, 1, -1.6395192e-43, 0, -1.6395192e-43, 1, 0, 0, 0, 1)
									local llegclone = humanoid.Parent.Torso["Left Hip"]:Clone()
									local llegweld = Instance.new("Weld", humanoid.Parent.Torso)
									llegweld.Part0 = humanoid.Parent.Torso
									llegweld.Part1 = humanoid.Parent["Left Leg"]
									llegweld.C0 = CFrame.new(-0.5, -1, 0, -0, -0, -1, 0, 1, 0, 1, 0, 0)
									local rlegclone = humanoid.Parent.Torso["Right Hip"]:Clone()
									local rlegweld = Instance.new("Weld", humanoid.Parent.Torso)
									rlegweld.Part0 = humanoid.Parent.Torso
									rlegweld.Part1 = humanoid.Parent["Right Leg"]
									rlegweld.C0 = CFrame.new(0.5, -1, 0, 0, 0, 1, 0, 1, 0, -1, -0, -0)
									local rootjointclone = humanoid.Parent.HumanoidRootPart.RootJoint:Clone()
									local humanoidrootpart = Instance.new("Weld", humanoid.Parent.Torso)
									humanoidrootpart.Part0 = humanoid.Parent.HumanoidRootPart
									humanoidrootpart.Part1 = humanoid.Parent.Torso
									local heed = humanoid.Parent.Torso["Neck"]:Clone()
									local headweld = Instance.new("Weld", humanoid.Parent.Torso)
									headweld.Part0 = humanoid.Parent.Torso
									headweld.Part1 = humanoid.Parent.Head
									headweld.C0 = headweld.C0 * CFrame.new(0,1.5,0)
									for i = 0,0.7 , 0.07 do
										headweld.C0 = headweld.C0:lerp(CFrame.new(0, 1.44868422, -0.453197479, 1, -1.21169035e-27, -1.77209714e-26, 9.14779977e-27, 0.898803353, 0.438370585, 1.58529488e-26, -0.438370407, 0.898803115),i)
										llegweld.C0 = llegweld.C0:lerp(CFrame.new(-0.5, -1.74549341, -0.405010223, 1, 9.08231085e-23, -5.80211714e-22, -2.65675327e-22, 0.951063275, -0.309020281, 5.23751791e-22, 0.309020311, 0.951063037),i)
										rlegweld.C0 = rlegweld.C0:lerp(CFrame.new(0.5, -2.04146266, 0.317977905, 1, 2.83790199e-22, -5.14157122e-22, -2.65675327e-22, 0.999398291, 0.0348992832, 5.23751791e-22, -0.0348991863, 0.999398053),i)
										lhandweld.C0 = lhandweld.C0:lerp(CFrame.new(-0.610451698, -0.249120951, -0.451892853, 0.743151546, -0.374165177, -0.554731011, 2.00528552e-06, 0.82904911, -0.559189737, 0.669127941, 0.415561259, 0.616110206),i)
										rhandweld.C0 = rhandweld.C0:lerp(CFrame.new(0.849339485, -0.124854803, -0.655277252, 0.559177101, 0.337202102, 0.757374227, 0.0866425484, 0.884781837, -0.457896292, -0.824514329, 0.321665913, 0.465533555),i)
										humanoidrootpart.C0 = humanoidrootpart.C0:lerp(CFrame.new(0, -1.90734863e-06, 0, 1, 3.5038046e-26, -5.8766982e-26, -1.03372333e-26, 0.927190065, 0.374597758, 6.76022241e-26, -0.374597758, 0.927190006),i)
										game:GetService("RunService").RenderStepped:wait()
									end
									wait(6)
									humanoid.Parent:BreakJoints()
								end
							end
						end
					end
				end
			end
		end
		sensoryee.Touched:connect(tentacleshot)
		for i = 0,0.7 , 0.07 do
			llegweld.C0 = llegweld.C0:lerp(CFrame.new(-0.5, -1.84595358, 0.746810913, 1, -6.61380983e-27, 1.04154883e-25, -4.31315925e-26, 0.882951677, 0.469469398, -9.49662312e-26, -0.469469309, 0.882951558),i)
			rlegweld.C0 = rlegweld.C0:lerp(CFrame.new(0.5, -1.43540072, -1.26526642, 1, 2.01948392e-28, -3.07592644e-26, -2.91971503e-26, 0.309028178, -0.951055586, 9.39060022e-27, 0.951055467, 0.309028089),i)
			lhandweld.C0 = lhandweld.C0:lerp(CFrame.new(-1.50000048, 0.15097785, 0.536071777, 1, 5.85133651e-22, 5.01299648e-23, -2.65674166e-22, 0.374605715, 0.927186906, 5.23749266e-22, -0.927186787, 0.374605745),i)
			rhandweld.C0 = rhandweld.C0:lerp(CFrame.new(1.5, 0.15097785, 0.536071777, 1, 5.85133651e-22, 5.01299648e-23, -2.65674166e-22, 0.374605715, 0.927186906, 5.23749266e-22, -0.927186787, 0.374605745),i)
			humanoidrootpart.C0 = humanoidrootpart.C0:lerp(CFrame.new(0, -1.90734863e-06, 0, 1, 3.5038046e-26, -5.8766982e-26, -1.03372333e-26, 0.927190065, 0.374597758, 6.76022241e-26, -0.374597758, 0.927190006):inverse(),i)
			game:GetService("RunService").RenderStepped:wait()
		end
		wait(0.2)
		sensoryee:destroy()
		FILTHYPRANK:Stop()
		canwalk = true
		using = false
	end
end
mouse.KeyDown:connect(tentaclekick)
function attacc(key)
	key = key:lower()
	if key == "r" and not using then
		using = true
		canwalk = false
		for i = 0,1 , 0.02 do
			llegweld.C0 = llegweld.C0:lerp(CFrame.new(-0.976385951, -2.07911205, 0, 0.994522691, 0.104521893, -2.48146847e-24, -0.1045219, 0.994522572, -6.61724926e-24, 0, 0, 1),i)
			rlegweld.C0 = rlegweld.C0:lerp(CFrame.new(0.706693888, -2.04811049, 0, 0.98480922, -0.173640087, 7.03582031e-15, 0.173640057, 0.984809279, 1.01514464e-15, -7.10520713e-15, 2.21976022e-16, 1),i)
			lhandweld.C0 = lhandweld.C0:lerp(CFrame.new(-1.72260725, 0.385421276, 0, 0.865490794, 0.500013113, 0.0302087422, 0.499708682, -0.866017878, 0.0174446627, 0.0348838717, -2.62477647e-06, -0.999391317),i)
			rhandweld.C0 = rhandweld.C0:lerp(CFrame.new(1.34390306, 0.174765587, -0.502760172, 0.953806698, 0.298583031, 0.0331806801, -0.0622573979, 0.304501295, -0.950475156, -0.293899328, 0.904503822, 0.309024394),i)
			humanoidrootpart.C0 = humanoidrootpart.C0:lerp(CFrame.new(0, 0, 0, 0.139189512, 1.09557003e-26, -0.990273237, -1.2369339e-27, 1, 1.11828922e-26, 0.990273237, 9.87653853e-28, 0.139189512),i)
			headweld.C0 = headweld.C0:lerp(CFrame.new(0, 1.5, 0, 0.469474792, 3.65180045e-27, 0.882945895, -1.41359339e-27, 1, -3.38430072e-27, -0.882945895, 3.40717422e-28, 0.469474792),i)
			game:GetService("RunService").RenderStepped:wait()
		end
		canwalk = false
		armcanattack = true
		for i = 0,1 , 0.1 do
			llegweld.C0 = llegweld.C0:lerp(CFrame.new(-0.976385951, -2.07911205, 0, 0.994522691, 0.104521893, -2.48146847e-24, -0.1045219, 0.994522572, -6.61724926e-24, 0, 0, 1),i)
			rlegweld.C0 = rlegweld.C0:lerp(CFrame.new(0.706693888, -2.04811049, 0, 0.98480922, -0.173640087, 7.03582031e-15, 0.173640057, 0.984809279, 1.01514464e-15, -7.10520713e-15, 2.21976022e-16, 1),i)
			lhandweld.C0 = lhandweld.C0:lerp(CFrame.new(-2.14573121, 0.310893774, -0.014090538, -0.173835039, 0.984309137, 0.0302081201, 0.984702349, 0.173369259, 0.0174435899, 0.0119327214, 0.0327783301, -0.999389052),i)
			rhandweld.C0 = rhandweld.C0:lerp(CFrame.new(1.96523237, 0.455781698, -0.50786829, 0.481259376, -0.872816563, -0.0810915679, -0.0850538537, 0.0455768034, -0.995333314, 0.872439504, 0.485910654, -0.0523021407),i)
			humanoidrootpart.C0 = humanoidrootpart.C0:lerp(CFrame.new(0, 0, 0, 0.309020996, -9.73868278e-27, 0.951055288, -1.41867004e-26, 1, 1.48494745e-26, -0.951055288, -1.80811326e-26, 0.309020996),i)
			headweld.C0 = headweld.C0:lerp(CFrame.new(0, 1.5, 0, 0.207920238, 1.15615454e-26, -0.978142679, -1.08547261e-27, 1, 9.90178208e-27, 0.978142679, -2.77679039e-27, 0.207920238),i)
			game:GetService("RunService").RenderStepped:wait()
		end
		local function touched(part)
			local humanoid = part.Parent:findFirstChildOfClass("Humanoid")
			if humanoid and armcanattack then
				canwalk = false
				hittd = true
				punch:Play()
				armcanattack = false
				humanoid.WalkSpeed = 0
				humanoid.JumpPower = 0
				for i = 1,5 do
					canwalk = false
					local punchclone = punch:Clone()
					punchclone.Parent = game.Players.LocalPlayer.Character["Right Arm"]
					punchclone:Play()
					 
					for i = 0,1 , 0.2 do
						llegweld.C0 = llegweld.C0:lerp(CFrame.new(-0.976385951, -2.07911205, 0, 0.994522691, 0.104521893, -2.48146847e-24, -0.1045219, 0.994522572, -6.61724926e-24, 0, 0, 1),i)
						rlegweld.C0 = rlegweld.C0:lerp(CFrame.new(0.706693888, -2.04811049, 0, 0.98480922, -0.173640087, 7.03582031e-15, 0.173640057, 0.984809279, 1.01514464e-15, -7.10520713e-15, 2.21976022e-16, 1),i)
						lhandweld.C0 = lhandweld.C0:lerp(CFrame.new(-2.14573121, 0.310893774, -0.014090538, -0.173835039, 0.984309137, 0.0302081201, 0.984702349, 0.173369259, 0.0174435899, 0.0119327214, 0.0327783301, -0.999389052),i)
						rhandweld.C0 = rhandweld.C0:lerp(CFrame.new(1.96523237, 0.455781698, -0.50786829, 0.481259376, -0.872816563, -0.0810915679, -0.0850538537, 0.0455768034, -0.995333314, 0.872439504, 0.485910654, -0.0523021407),i)
						humanoidrootpart.C0 = humanoidrootpart.C0:lerp(CFrame.new(0, 0, 0, 0.309020996, -9.73868278e-27, 0.951055288, -1.41867004e-26, 1, 1.48494745e-26, -0.951055288, -1.80811326e-26, 0.309020996),i)
						headweld.C0 = headweld.C0:lerp(CFrame.new(0, 1.5, 0, 0.207920238, 1.15615454e-26, -0.978142679, -1.08547261e-27, 1, 9.90178208e-27, 0.978142679, -2.77679039e-27, 0.207920238),i)
						game:GetService("RunService").RenderStepped:wait()
					end
					local punchclone = punch:Clone()
					punchclone.Parent = game.Players.LocalPlayer.Character["Right Arm"]
					punchclone:Play()
					 
					for i = 0,1 , 0.2 do
						llegweld.C0 = llegweld.C0:lerp(CFrame.new(-0.976385951, -2.07911205, 0, 0.994522691, 0.104521893, -2.48146847e-24, -0.1045219, 0.994522572, -6.61724926e-24, 0, 0, 1),i)
						rlegweld.C0 = rlegweld.C0:lerp(CFrame.new(0.706693888, -2.04811049, 0, 0.98480922, -0.173640087, 7.03582031e-15, 0.173640057, 0.984809279, 1.01514464e-15, -7.10520713e-15, 2.21976022e-16, 1),i)
						lhandweld.C0 = lhandweld.C0:lerp(CFrame.new(-2.17093325, 0.566676855, -0.588714123, 0.326090425, 0.945334494, 0.00191744766, 0.0820002183, -0.0262649618, -0.996286333, -0.941772997, 0.325036645, -0.0860823616),i)
						rhandweld.C0 = rhandweld.C0:lerp(CFrame.new(2.03311968, 0.461995363, -0.38648963, 0.618004739, -0.781325519, -0.0871556699, 0.618887961, 0.551870644, -0.558942437, 0.484814674, 0.291489393, 0.824611425),i)
						humanoidrootpart.C0 = humanoidrootpart.C0:lerp(CFrame.new(0, 0, 0, 0.139189512, 1.09557003e-26, -0.990273237, -1.2369339e-27, 1, 1.11828922e-26, 0.990273237, 9.87653853e-28, 0.139189512),i)
						headweld.C0 = headweld.C0:lerp(CFrame.new(0, 1.5, 0, 0.469474792, 3.65180045e-27, 0.882945895, -1.41359339e-27, 1, -3.38430072e-27, -0.882945895, 3.40717422e-28, 0.469474792),i)
						game:GetService("RunService").RenderStepped:wait()
					end
					local punchclone = punch:Clone()
					punchclone.Parent = game.Players.LocalPlayer.Character["Right Arm"]
					punchclone:Play()
					 
				end
				for i = 1,5 do
					canwalk = false
					local punchclone = punch:Clone()
					punchclone.Parent = game.Players.LocalPlayer.Character["Right Arm"]
					punchclone:Play()
					 
					for i = 0,1 , 0.35 do
						llegweld.C0 = llegweld.C0:lerp(CFrame.new(-0.976385951, -2.07911205, 0, 0.994522691, 0.104521893, -2.48146847e-24, -0.1045219, 0.994522572, -6.61724926e-24, 0, 0, 1),i)
						rlegweld.C0 = rlegweld.C0:lerp(CFrame.new(0.706693888, -2.04811049, 0, 0.98480922, -0.173640087, 7.03582031e-15, 0.173640057, 0.984809279, 1.01514464e-15, -7.10520713e-15, 2.21976022e-16, 1),i)
						lhandweld.C0 = lhandweld.C0:lerp(CFrame.new(-2.14573121, 0.310893774, -0.014090538, -0.173835039, 0.984309137, 0.0302081201, 0.984702349, 0.173369259, 0.0174435899, 0.0119327214, 0.0327783301, -0.999389052),i)
						rhandweld.C0 = rhandweld.C0:lerp(CFrame.new(1.96523237, 0.455781698, -0.50786829, 0.481259376, -0.872816563, -0.0810915679, -0.0850538537, 0.0455768034, -0.995333314, 0.872439504, 0.485910654, -0.0523021407),i)
						humanoidrootpart.C0 = humanoidrootpart.C0:lerp(CFrame.new(0, 0, 0, 0.309020996, -9.73868278e-27, 0.951055288, -1.41867004e-26, 1, 1.48494745e-26, -0.951055288, -1.80811326e-26, 0.309020996),i)
						headweld.C0 = headweld.C0:lerp(CFrame.new(0, 1.5, 0, 0.207920238, 1.15615454e-26, -0.978142679, -1.08547261e-27, 1, 9.90178208e-27, 0.978142679, -2.77679039e-27, 0.207920238),i)
						game:GetService("RunService").RenderStepped:wait()
					end
					local punchclone = punch:Clone()
					punchclone.Parent = game.Players.LocalPlayer.Character["Right Arm"]
					punchclone:Play()
					 
					for i = 0,1 , 0.35 do
						llegweld.C0 = llegweld.C0:lerp(CFrame.new(-0.976385951, -2.07911205, 0, 0.994522691, 0.104521893, -2.48146847e-24, -0.1045219, 0.994522572, -6.61724926e-24, 0, 0, 1),i)
						rlegweld.C0 = rlegweld.C0:lerp(CFrame.new(0.706693888, -2.04811049, 0, 0.98480922, -0.173640087, 7.03582031e-15, 0.173640057, 0.984809279, 1.01514464e-15, -7.10520713e-15, 2.21976022e-16, 1),i)
						lhandweld.C0 = lhandweld.C0:lerp(CFrame.new(-2.17093325, 0.566676855, -0.588714123, 0.326090425, 0.945334494, 0.00191744766, 0.0820002183, -0.0262649618, -0.996286333, -0.941772997, 0.325036645, -0.0860823616),i)
						rhandweld.C0 = rhandweld.C0:lerp(CFrame.new(2.03311968, 0.461995363, -0.38648963, 0.618004739, -0.781325519, -0.0871556699, 0.618887961, 0.551870644, -0.558942437, 0.484814674, 0.291489393, 0.824611425),i)
						humanoidrootpart.C0 = humanoidrootpart.C0:lerp(CFrame.new(0, 0, 0, 0.139189512, 1.09557003e-26, -0.990273237, -1.2369339e-27, 1, 1.11828922e-26, 0.990273237, 9.87653853e-28, 0.139189512),i)
						headweld.C0 = headweld.C0:lerp(CFrame.new(0, 1.5, 0, 0.469474792, 3.65180045e-27, 0.882945895, -1.41359339e-27, 1, -3.38430072e-27, -0.882945895, 3.40717422e-28, 0.469474792),i)
						game:GetService("RunService").RenderStepped:wait()
					end
					local punchclone = punch:Clone()
					punchclone.Parent = game.Players.LocalPlayer.Character["Right Arm"]
					punchclone:Play()
					 
				end
				for i = 1,5 do
					local punchclone = punch:Clone()
					punchclone.Parent = game.Players.LocalPlayer.Character["Right Arm"]
					punchclone:Play()
					 
					for i = 0,1 , 0.4 do
						llegweld.C0 = llegweld.C0:lerp(CFrame.new(-0.976385951, -2.07911205, 0, 0.994522691, 0.104521893, -2.48146847e-24, -0.1045219, 0.994522572, -6.61724926e-24, 0, 0, 1),i)
						rlegweld.C0 = rlegweld.C0:lerp(CFrame.new(0.706693888, -2.04811049, 0, 0.98480922, -0.173640087, 7.03582031e-15, 0.173640057, 0.984809279, 1.01514464e-15, -7.10520713e-15, 2.21976022e-16, 1),i)
						lhandweld.C0 = lhandweld.C0:lerp(CFrame.new(-2.14573121, 0.310893774, -0.014090538, -0.173835039, 0.984309137, 0.0302081201, 0.984702349, 0.173369259, 0.0174435899, 0.0119327214, 0.0327783301, -0.999389052),i)
						rhandweld.C0 = rhandweld.C0:lerp(CFrame.new(1.96523237, 0.455781698, -0.50786829, 0.481259376, -0.872816563, -0.0810915679, -0.0850538537, 0.0455768034, -0.995333314, 0.872439504, 0.485910654, -0.0523021407),i)
						humanoidrootpart.C0 = humanoidrootpart.C0:lerp(CFrame.new(0, 0, 0, 0.309020996, -9.73868278e-27, 0.951055288, -1.41867004e-26, 1, 1.48494745e-26, -0.951055288, -1.80811326e-26, 0.309020996),i)
						headweld.C0 = headweld.C0:lerp(CFrame.new(0, 1.5, 0, 0.207920238, 1.15615454e-26, -0.978142679, -1.08547261e-27, 1, 9.90178208e-27, 0.978142679, -2.77679039e-27, 0.207920238),i)
						game:GetService("RunService").RenderStepped:wait()
					end
					local punchclone = punch:Clone()
					punchclone.Parent = game.Players.LocalPlayer.Character["Right Arm"]
					punchclone:Play()
					 
					for i = 0,1 , 0.4 do
						llegweld.C0 = llegweld.C0:lerp(CFrame.new(-0.976385951, -2.07911205, 0, 0.994522691, 0.104521893, -2.48146847e-24, -0.1045219, 0.994522572, -6.61724926e-24, 0, 0, 1),i)
						rlegweld.C0 = rlegweld.C0:lerp(CFrame.new(0.706693888, -2.04811049, 0, 0.98480922, -0.173640087, 7.03582031e-15, 0.173640057, 0.984809279, 1.01514464e-15, -7.10520713e-15, 2.21976022e-16, 1),i)
						lhandweld.C0 = lhandweld.C0:lerp(CFrame.new(-2.17093325, 0.566676855, -0.588714123, 0.326090425, 0.945334494, 0.00191744766, 0.0820002183, -0.0262649618, -0.996286333, -0.941772997, 0.325036645, -0.0860823616),i)
						rhandweld.C0 = rhandweld.C0:lerp(CFrame.new(2.03311968, 0.461995363, -0.38648963, 0.618004739, -0.781325519, -0.0871556699, 0.618887961, 0.551870644, -0.558942437, 0.484814674, 0.291489393, 0.824611425),i)
						humanoidrootpart.C0 = humanoidrootpart.C0:lerp(CFrame.new(0, 0, 0, 0.139189512, 1.09557003e-26, -0.990273237, -1.2369339e-27, 1, 1.11828922e-26, 0.990273237, 9.87653853e-28, 0.139189512),i)
						headweld.C0 = headweld.C0:lerp(CFrame.new(0, 1.5, 0, 0.469474792, 3.65180045e-27, 0.882945895, -1.41359339e-27, 1, -3.38430072e-27, -0.882945895, 3.40717422e-28, 0.469474792),i)
						game:GetService("RunService").RenderStepped:wait()
					end
					local punchclone = punch:Clone()
					punchclone.Parent = game.Players.LocalPlayer.Character["Right Arm"]
					punchclone:Play()
					 
				end
				for i = 1,20 do
					local punchclone = punch:Clone()
					punchclone.Parent = game.Players.LocalPlayer.Character["Right Arm"]
					punchclone:Play()
					 
					for i = 0,1 , 0.4 do
						llegweld.C0 = llegweld.C0:lerp(CFrame.new(-0.976385951, -2.07911205, 0, 0.994522691, 0.104521893, -2.48146847e-24, -0.1045219, 0.994522572, -6.61724926e-24, 0, 0, 1),i)
						rlegweld.C0 = rlegweld.C0:lerp(CFrame.new(0.706693888, -2.04811049, 0, 0.98480922, -0.173640087, 7.03582031e-15, 0.173640057, 0.984809279, 1.01514464e-15, -7.10520713e-15, 2.21976022e-16, 1),i)
						lhandweld.C0 = lhandweld.C0:lerp(CFrame.new(-2.14573121, 0.310893774, -0.014090538, -0.173835039, 0.984309137, 0.0302081201, 0.984702349, 0.173369259, 0.0174435899, 0.0119327214, 0.0327783301, -0.999389052),i)
						rhandweld.C0 = rhandweld.C0:lerp(CFrame.new(1.96523237, 0.455781698, -0.50786829, 0.481259376, -0.872816563, -0.0810915679, -0.0850538537, 0.0455768034, -0.995333314, 0.872439504, 0.485910654, -0.0523021407),i)
						humanoidrootpart.C0 = humanoidrootpart.C0:lerp(CFrame.new(0, 0, 0, 0.309020996, -9.73868278e-27, 0.951055288, -1.41867004e-26, 1, 1.48494745e-26, -0.951055288, -1.80811326e-26, 0.309020996),i)
						headweld.C0 = headweld.C0:lerp(CFrame.new(0, 1.5, 0, 0.207920238, 1.15615454e-26, -0.978142679, -1.08547261e-27, 1, 9.90178208e-27, 0.978142679, -2.77679039e-27, 0.207920238),i)
						game:GetService("RunService").RenderStepped:wait()
					end
					local punchclone = punch:Clone()
					punchclone.Parent = game.Players.LocalPlayer.Character["Right Arm"]
					punchclone:Play()
					 
					for i = 0,1 , 0.4 do
						llegweld.C0 = llegweld.C0:lerp(CFrame.new(-0.976385951, -2.07911205, 0, 0.994522691, 0.104521893, -2.48146847e-24, -0.1045219, 0.994522572, -6.61724926e-24, 0, 0, 1),i)
						rlegweld.C0 = rlegweld.C0:lerp(CFrame.new(0.706693888, -2.04811049, 0, 0.98480922, -0.173640087, 7.03582031e-15, 0.173640057, 0.984809279, 1.01514464e-15, -7.10520713e-15, 2.21976022e-16, 1),i)
						lhandweld.C0 = lhandweld.C0:lerp(CFrame.new(-2.17093325, 0.566676855, -0.588714123, 0.326090425, 0.945334494, 0.00191744766, 0.0820002183, -0.0262649618, -0.996286333, -0.941772997, 0.325036645, -0.0860823616),i)
						rhandweld.C0 = rhandweld.C0:lerp(CFrame.new(2.03311968, 0.461995363, -0.38648963, 0.618004739, -0.781325519, -0.0871556699, 0.618887961, 0.551870644, -0.558942437, 0.484814674, 0.291489393, 0.824611425),i)
						humanoidrootpart.C0 = humanoidrootpart.C0:lerp(CFrame.new(0, 0, 0, 0.139189512, 1.09557003e-26, -0.990273237, -1.2369339e-27, 1, 1.11828922e-26, 0.990273237, 9.87653853e-28, 0.139189512),i)
						headweld.C0 = headweld.C0:lerp(CFrame.new(0, 1.5, 0, 0.469474792, 3.65180045e-27, 0.882945895, -1.41359339e-27, 1, -3.38430072e-27, -0.882945895, 3.40717422e-28, 0.469474792),i)
						game:GetService("RunService").RenderStepped:wait()
					end
					local punchclone = punch:Clone()
					punchclone.Parent = game.Players.LocalPlayer.Character["Right Arm"]
					punchclone:Play()
					 
				end
				armcanattack = false
				canwalk = true
				using = false
				humanoid.Parent:BreakJoints()
				local boom = Instance.new("Explosion", workspace)
				boom.Position = humanoid.Parent.Torso.Position
				boom.BlastRadius = 0.5
				local hitoof = Instance.new("Sound", humanoid.Parent.Head)
				hitoof.SoundId = "rbxassetid://771324077"
				hitoof.Volume = 3
				hitoof.TimePosition = 5.1
				hitoof:Play()
				local explosion = Instance.new("Sound", humanoid.Parent.Head)
				explosion.SoundId = "rbxassetid://130803364"
				explosion.Volume = 10
				explosion:Play()
				wait(1.5)
				explosion:Stop()
				hitoof:Stop()
			end
		end
		game.Players.LocalPlayer.Character["Right Arm"].Touched:connect(touched)
		armcanattack = false
		canwalk = true
		using = false
	end
end
mouse.KeyDown:connect(attacc)
function kickthefurfag(key)
	if key == "g" and not using then
		using = true
		canwalk = false
		hittd = false
		local sensoryee1 = Instance.new("Part", game.Players.LocalPlayer.Character["Right Leg"])
		sensoryee1.Size = Vector3.new(1,1,1)
		sensoryee1.CanCollide = false
		sensoryee1.Transparency = 0
		sensoryee1:BreakJoints()
		local weldsensor = Instance.new("Weld", sensoryee1)
		weldsensor.Part0 = game.Players.LocalPlayer.Character["Right Leg"]
		weldsensor.Part1 = sensoryee1
		weldsensor.C0 = weldsensor.C0 * CFrame.new(0,-0.5,0)
		local function kicked(part)
			sensoryee1:destroy()
			local humanoid = part.Parent:findFirstChildOfClass("Humanoid")
			if humanoid then
				--canbefps = true
				hittd = true
				humanoid.WalkSpeed = 0
				humanoid.JumpPower = 0
				game.Players.LocalPlayer.Character.Humanoid.WalkSpeed = 0
				game.Players.LocalPlayer.Character.Humanoid.JumpPower = 0
				punch:Play()
				wait(0.5)
				for i = 0,1 , 0.05 do
					headweld.C0 = headweld.C0:lerp(CFrame.new(0.0192918777, 1.54277778, -0.552471161, 0.999394238, 0.0267358776, -0.0224312302, -2.599965e-06, 0.642803192, 0.766039133, 0.0348992571, -0.765574396, 0.642409086),i)
					llegweld.C0 = llegweld.C0:lerp(CFrame.new(-0.5, -1.97511852, -0.684444427, 1, 7.09343726e-27, -1.96394811e-26, -1.65597681e-26, 0.829041839, -0.55919075, 1.19149551e-26, 0.55919075, 0.829041839),i)
					rlegweld.C0 = rlegweld.C0:lerp(CFrame.new(0.5, -1.69545364, 1.02498245, 1, 8.33037116e-27, -8.30512761e-27, 1.84277907e-27, 0.587786973, 0.809019029, 1.17634938e-26, -0.809019029, 0.587786973),i)
					lhandweld.C0 = lhandweld.C0:lerp(CFrame.new(-1.50000048, 0.150976658, -0.603237152, 1, -3.70407732e-22, -4.55732897e-22, -2.65674116e-22, 0.406738937, -0.913547099, 5.23749266e-22, 0.913547099, 0.406738907),i)
					rhandweld.C0 = rhandweld.C0:lerp(CFrame.new(1.5, 0.150976658, -0.603237152, 1, -3.70407732e-22, -4.55732897e-22, -2.65674116e-22, 0.406738937, -0.913547099, 5.23749266e-22, 0.913547099, 0.406738907),i)
					humanoidrootpart.C0 = humanoidrootpart.C0:lerp(CFrame.new(0, 0, 0, 1, 1.80491375e-26, -5.65455497e-27, -1.84277907e-26, 0.866028428, -0.499996245, -4.08945493e-27, 0.499996245, 0.866028428):inverse(),i)
					game:GetService("RunService").RenderStepped:wait()
				end
				humanoid.Parent.Torso.CFrame = game.Players.LocalPlayer.Character.Torso.CFrame * CFrame.new(0,0,-3)
				humanoid.Parent.Torso.CFrame = CFrame.new(humanoid.Parent.Torso.Position,game.Players.LocalPlayer.Character.Torso.Position)
				wait(0.3)
				for i = 0,1 , 0.07 do
					headweld.C0 = headweld.C0:lerp(CFrame.new(0.0192918777, 1.54277778, -0.552471161, 0.999394238, 0.0267358776, -0.0224312302, -2.599965e-06, 0.642803192, 0.766039133, 0.0348992571, -0.765574396, 0.642409086),i)
					llegweld.C0 = llegweld.C0:lerp(CFrame.new(-0.5, -1.84595358, 0.746810913, 1, -6.61380983e-27, 1.04154883e-25, -4.31315925e-26, 0.882951677, 0.469469398, -9.49662312e-26, -0.469469309, 0.882951558),i)
					rlegweld.C0 = rlegweld.C0:lerp(CFrame.new(0.5, -1.43540072, -1.26526642, 1, 2.01948392e-28, -3.07592644e-26, -2.91971503e-26, 0.309028178, -0.951055586, 9.39060022e-27, 0.951055467, 0.309028089),i)
					lhandweld.C0 = lhandweld.C0:lerp(CFrame.new(-1.50000048, 0.15097785, 0.536071777, 1, 5.85133651e-22, 5.01299648e-23, -2.65674166e-22, 0.374605715, 0.927186906, 5.23749266e-22, -0.927186787, 0.374605745),i)
					rhandweld.C0 = rhandweld.C0:lerp(CFrame.new(1.5, 0.15097785, 0.536071777, 1, 5.85133651e-22, 5.01299648e-23, -2.65674166e-22, 0.374605715, 0.927186906, 5.23749266e-22, -0.927186787, 0.374605745),i)
					humanoidrootpart.C0 = humanoidrootpart.C0:lerp(CFrame.new(0, -1.90734863e-06, 0, 1, 3.5038046e-26, -5.8766982e-26, -1.03372333e-26, 0.927190065, 0.374597758, 6.76022241e-26, -0.374597758, 0.927190006):inverse(),i)
					game:GetService("RunService").RenderStepped:wait()
				end
				humanoid.Parent.Torso.CFrame = game.Players.LocalPlayer.Character.Torso.CFrame * CFrame.new(0,0,-4)
				humanoid.Parent.Torso.CFrame = CFrame.new(humanoid.Parent.Torso.Position,game.Players.LocalPlayer.Character.Torso.Position)
				--local rhandclonefur = humanoid.Parent.Torso["Right Shoulder"]:Clone()
									local rhandweldfur = Instance.new("Weld", humanoid.Parent.Torso)
									rhandweldfur.Part0 = humanoid.Parent.Torso
									rhandweldfur.Part1 = humanoid.Parent["Right Arm"]
									rhandweldfur.C0 = CFrame.new(1.5, 0, 0, 1, -1.6395192e-43, 0, -1.6395192e-43, 1, 0, 0, 0, 1)
									local lhandweldfur = Instance.new("Weld", humanoid.Parent.Torso)
									lhandweldfur.Part0 = humanoid.Parent.Torso
									lhandweldfur.Part1 = humanoid.Parent["Left Arm"]
									lhandweldfur.C0 = CFrame.new(-1.5, 0, 0, 1, -1.6395192e-43, 0, -1.6395192e-43, 1, 0, 0, 0, 1)
									--local llegclone = humanoid.Parent.Torso["Left Hip"]:Clone()
									local llegweldfur = Instance.new("Weld", humanoid.Parent.Torso)
									llegweldfur.Part0 = humanoid.Parent.Torso
									llegweldfur.Part1 = humanoid.Parent["Left Leg"]
									llegweldfur.C0 = CFrame.new(-0.5, -1, 0, -0, -0, -1, 0, 1, 0, 1, 0, 0)
									--local rlegclone = humanoid.Parent.Torso["Right Hip"]:Clone()
									local rlegweldfur = Instance.new("Weld", humanoid.Parent.Torso)
									rlegweldfur.Part0 = humanoid.Parent.Torso
									rlegweldfur.Part1 = humanoid.Parent["Right Leg"]
									rlegweldfur.C0 = CFrame.new(0.5, -1, 0, 0, 0, 1, 0, 1, 0, -1, -0, -0)
									--local rootjointclone = humanoid.Parent.HumanoidRootPart.RootJoint:Clone()
									local humanoidrootpartfur = Instance.new("Weld", humanoid.Parent.Torso)
									humanoidrootpartfur.Part0 = humanoid.Parent.HumanoidRootPart
									humanoidrootpartfur.Part1 = humanoid.Parent.Torso
									--local heed = humanoid.Parent.Torso["Neck"]:Clone()
									local headweldfur = Instance.new("Weld", humanoid.Parent.Torso)
									headweldfur.Part0 = humanoid.Parent.Torso
									headweldfur.Part1 = humanoid.Parent.Head
									headweldfur.C0 = headweld.C0 * CFrame.new(0,1.5,0)
									for i = 0,0.7 , 0.07 do
										headweldfur.C0 = headweldfur.C0:lerp(CFrame.new(0, 1.44868422, -0.453197479, 1, -1.21169035e-27, -1.77209714e-26, 9.14779977e-27, 0.898803353, 0.438370585, 1.58529488e-26, -0.438370407, 0.898803115),i)
										llegweldfur.C0 = llegweldfur.C0:lerp(CFrame.new(-0.5, -1.74549341, -0.405010223, 1, 9.08231085e-23, -5.80211714e-22, -2.65675327e-22, 0.951063275, -0.309020281, 5.23751791e-22, 0.309020311, 0.951063037),i)
										rlegweldfur.C0 = rlegweldfur.C0:lerp(CFrame.new(0.5, -2.04146266, 0.317977905, 1, 2.83790199e-22, -5.14157122e-22, -2.65675327e-22, 0.999398291, 0.0348992832, 5.23751791e-22, -0.0348991863, 0.999398053),i)
										lhandweldfur.C0 = lhandweldfur.C0:lerp(CFrame.new(-0.610451698, -0.249120951, -0.451892853, 0.743151546, -0.374165177, -0.554731011, 2.00528552e-06, 0.82904911, -0.559189737, 0.669127941, 0.415561259, 0.616110206),i)
										rhandweldfur.C0 = rhandweldfur.C0:lerp(CFrame.new(0.849339485, -0.124854803, -0.655277252, 0.559177101, 0.337202102, 0.757374227, 0.0866425484, 0.884781837, -0.457896292, -0.824514329, 0.321665913, 0.465533555),i)
										humanoidrootpartfur.C0 = humanoidrootpartfur.C0:lerp(CFrame.new(0, -1.90734863e-06, 0, 1, 3.5038046e-26, -5.8766982e-26, -1.03372333e-26, 0.927190065, 0.374597758, 6.76022241e-26, -0.374597758, 0.927190006),i)
										game:GetService("RunService").RenderStepped:wait()
									end
				for i = 0,1 , 0.04 do
					llegweld.C0 = llegweld.C0:lerp(CFrame.new(-0.976385951, -2.07911205, 0, 0.994522691, 0.104521893, -2.48146847e-24, -0.1045219, 0.994522572, -6.61724926e-24, 0, 0, 1),i)
