
--BloxyCola
function sandbox(var,func)
	local env = getfenv(func)
	local newenv = setmetatable({},{
		__index = function(self,k)
			if k=="script" then
				return var
			else
				return env[k]
			end
		end,
	})
	setfenv(func,newenv)
	return func
end
cors = {}
mas = Instance.new("Model",game:GetService("Lighting"))
Tool0 = Instance.new("Tool")
Part1 = Instance.new("Part")
SpecialMesh2 = Instance.new("SpecialMesh")
Weld3 = Instance.new("Weld")
Weld4 = Instance.new("Weld")
Weld5 = Instance.new("Weld")
Weld6 = Instance.new("Weld")
Weld7 = Instance.new("Weld")
Weld8 = Instance.new("Weld")
Weld9 = Instance.new("Weld")
Weld10 = Instance.new("Weld")
Weld11 = Instance.new("Weld")
Weld12 = Instance.new("Weld")
Weld13 = Instance.new("Weld")
Weld14 = Instance.new("Weld")
Weld15 = Instance.new("Weld")
Weld16 = Instance.new("Weld")
Weld17 = Instance.new("Weld")
Weld18 = Instance.new("Weld")
Weld19 = Instance.new("Weld")
Weld20 = Instance.new("Weld")
Weld21 = Instance.new("Weld")
Weld22 = Instance.new("Weld")
Weld23 = Instance.new("Weld")
Weld24 = Instance.new("Weld")
Weld25 = Instance.new("Weld")
Weld26 = Instance.new("Weld")
Weld27 = Instance.new("Weld")
Weld28 = Instance.new("Weld")
Weld29 = Instance.new("Weld")
Weld30 = Instance.new("Weld")
Weld31 = Instance.new("Weld")
Weld32 = Instance.new("Weld")
Weld33 = Instance.new("Weld")
Weld34 = Instance.new("Weld")
Weld35 = Instance.new("Weld")
Weld36 = Instance.new("Weld")
Weld37 = Instance.new("Weld")
Weld38 = Instance.new("Weld")
Weld39 = Instance.new("Weld")
Weld40 = Instance.new("Weld")
Weld41 = Instance.new("Weld")
Weld42 = Instance.new("Weld")
Weld43 = Instance.new("Weld")
Weld44 = Instance.new("Weld")
Weld45 = Instance.new("Weld")
Weld46 = Instance.new("Weld")
Weld47 = Instance.new("Weld")
Weld48 = Instance.new("Weld")
Weld49 = Instance.new("Weld")
Weld50 = Instance.new("Weld")
Weld51 = Instance.new("Weld")
Weld52 = Instance.new("Weld")
Weld53 = Instance.new("Weld")
Weld54 = Instance.new("Weld")
Weld55 = Instance.new("Weld")
Weld56 = Instance.new("Weld")
Weld57 = Instance.new("Weld")
Weld58 = Instance.new("Weld")
Weld59 = Instance.new("Weld")
Weld60 = Instance.new("Weld")
Weld61 = Instance.new("Weld")
Weld62 = Instance.new("Weld")
Weld63 = Instance.new("Weld")
Weld64 = Instance.new("Weld")
Weld65 = Instance.new("Weld")
Weld66 = Instance.new("Weld")
Weld67 = Instance.new("Weld")
Weld68 = Instance.new("Weld")
Weld69 = Instance.new("Weld")
Weld70 = Instance.new("Weld")
Weld71 = Instance.new("Weld")
Weld72 = Instance.new("Weld")
Weld73 = Instance.new("Weld")
Weld74 = Instance.new("Weld")
Weld75 = Instance.new("Weld")
Sound76 = Instance.new("Sound")
Sound77 = Instance.new("Sound")
Script78 = Instance.new("Script")
Tool0.Name = "BloxyCola"
Tool0.Parent = mas
Tool0.TextureId = "http://www.roblox.com/asset/?id=10472127"
Tool0.Grip = CFrame.new(0.0299999993, 0, 0, 0.217036352, 0, 0.976163507, 0, 1, -0, -0.976163507, 0, 0.217036352)
Tool0.GripForward = Vector3.new(-0.9761635065078735, 0, -0.21703635156154633)
Tool0.GripPos = Vector3.new(0.029999999329447746, 0, 0)
Tool0.GripRight = Vector3.new(0.21703635156154633, 0, -0.9761635065078735)
Part1.Name = "Handle"
Part1.Parent = Tool0
Part1.CFrame = CFrame.new(34, 0.600000381, -238.999985, -1, -1.86264515e-09, -7.59794616e-27, 1.86264515e-09, 1.00000012, 0, -7.59794616e-27, 0, -1)
Part1.Orientation = Vector3.new(0, -180, 0)
Part1.Position = Vector3.new(34, 0.6000003814697266, -238.99998474121094)
Part1.Rotation = Vector3.new(-180, 0, 180)
Part1.Color = Color3.new(0.803922, 0.803922, 0.803922)
Part1.Size = Vector3.new(1, 1.2000000476837158, 1)
Part1.BottomSurface = Enum.SurfaceType.Smooth
Part1.BrickColor = BrickColor.new("Mid gray")
Part1.TopSurface = Enum.SurfaceType.Smooth
Part1.brickColor = BrickColor.new("Mid gray")
SpecialMesh2.Parent = Part1
SpecialMesh2.MeshId = "http://www.roblox.com/asset/?id=10470609"
SpecialMesh2.Scale = Vector3.new(1.2000000476837158, 1.2000000476837158, 1.2000000476837158)
SpecialMesh2.TextureId = "http://www.roblox.com/asset/?id=10470600"
SpecialMesh2.MeshType = Enum.MeshType.FileMesh
Weld3.Parent = Part1
Weld3.C0 = CFrame.new(-4.71828389e-06, -1.06949216e-07, 6.73912837e-08, -1.96380037e-10, -7.15101578e-06, 1, -3.45956111e-11, 1, 9.53468771e-06, -1, 4.01852024e-11, -2.64911593e-10)
Weld3.C1 = CFrame.new(-4.71828389e-06, -1.06949216e-07, 6.73912837e-08, -1.96380037e-10, -7.15101578e-06, 1, -3.45956111e-11, 1, 9.53468771e-06, -1, 4.01852024e-11, -2.64911593e-10)
Weld4.Parent = Part1
Weld4.C0 = CFrame.new(-1.34138972e-07, -6.91051537e-06, 0, -3.91537502e-21, 0.999999106, -0.00133771845, 2.81109586e-22, 0.00133771845, 0.999999106, 1, 3.91499535e-21, -2.86346992e-22)
Weld4.C1 = CFrame.new(-1.34138972e-07, -6.91051537e-06, 0, -3.91537502e-21, 0.999999106, -0.00133771845, 2.81109586e-22, 0.00133771845, 0.999999106, 1, 3.91499535e-21, -2.86346992e-22)
Weld5.Parent = Part1
Weld5.C0 = CFrame.new(3.64912034e-06, -1.13236744e-07, -2.01656292e-08, -7.08486672e-11, 0.000798657886, -0.999999702, 1.55140234e-10, 0.999999702, 0.000793890678, 1, 1.55083765e-10, 7.09721865e-11)
Weld5.C1 = CFrame.new(3.64912034e-06, -1.13236744e-07, -2.01656292e-08, -7.08486672e-11, 0.000798657886, -0.999999702, 1.55140234e-10, 0.999999702, 0.000793890678, 1, 1.55083765e-10, 7.09721865e-11)
Weld6.Parent = Part1
Weld6.C0 = CFrame.new(1.6321755e-07, 3.49538391e-06, 0, -3.9252309e-21, 0.996502578, -0.0835621059, -4.1799742e-23, 0.0835621059, 0.996502578, 1, 3.91499535e-21, -2.86346992e-22)
Weld6.C1 = CFrame.new(1.6321755e-07, 3.49538391e-06, 0, -3.9252309e-21, 0.996502578, -0.0835621059, -4.1799742e-23, 0.0835621059, 0.996502578, 1, 3.91499535e-21, -2.86346992e-22)
Weld7.Parent = Part1
Weld7.C0 = CFrame.new(5.25072437e-06, -9.04979558e-08, -6.02840373e-08, -2.12544884e-10, 0.000803425093, -0.999999702, 4.65420175e-10, 0.999999702, 0.000803425093, 1, -4.65249311e-10, -2.12918752e-10)
Weld7.C1 = CFrame.new(5.25072437e-06, -9.04979558e-08, -6.02840373e-08, -2.12544884e-10, 0.000803425093, -0.999999702, 4.65420175e-10, 0.999999702, 0.000803425093, 1, -4.65249311e-10, -2.12918752e-10)
Weld8.Parent = Part1
Weld8.C0 = CFrame.new(5.25072437e-06, -9.04979558e-08, -6.02840373e-08, -2.12544884e-10, 0.000803425093, -0.999999702, 4.65420175e-10, 0.999999702, 0.000803425093, 1, -4.65249311e-10, -2.12918752e-10)
Weld8.C1 = CFrame.new(0.533214211, 4.09488493e-05, -0.399536163, -6.19143847e-10, 0.000817726948, -0.999999702, 8.15887191e-10, 0.999999702, 0.000817726948, 1, -8.15380652e-10, -6.19810758e-10)
Weld9.Parent = Part1
Weld9.C0 = CFrame.new(5.25072437e-06, -9.04979558e-08, -6.02840373e-08, -2.12544884e-10, 0.000803425093, -0.999999702, 4.65420175e-10, 0.999999702, 0.000803425093, 1, -4.65249311e-10, -2.12918752e-10)
Weld9.C1 = CFrame.new(-1.12273511e-07, 2.60849974e-05, -0.533189535, 1, -8.33252689e-10, -3.96865235e-10, 8.3357371e-10, 0.999999702, 0.000809622463, 3.96190469e-10, -0.000809622463, 0.999999702)
Weld10.Parent = Part1
Weld10.C0 = CFrame.new(5.25072437e-06, -9.04979558e-08, -6.02840373e-08, -2.12544884e-10, 0.000803425093, -0.999999702, 4.65420175e-10, 0.999999702, 0.000803425093, 1, -4.65249311e-10, -2.12918752e-10)
Weld10.C1 = CFrame.new(0.533214211, 0.373362005, -4.18045545e-08, -6.20301976e-10, 0.000817726948, -0.999999702, 8.56068161e-10, 0.999999702, 0.000817726948, 1, -8.55560567e-10, -6.21001806e-10)
Weld11.Parent = Part1
Weld11.C0 = CFrame.new(5.25072437e-06, -9.04979558e-08, -6.02840373e-08, -2.12544884e-10, 0.000803425093, -0.999999702, 4.65420175e-10, 0.999999702, 0.000803425093, 1, -4.65249311e-10, -2.12918752e-10)
Weld11.C1 = CFrame.new(-5.43287024e-06, 0.132771105, 0.400390655, 8.48401349e-10, 0.999999702, 0.000801041257, -6.20273943e-10, 0.000801041257, -0.999999702, -1, 8.47904247e-10, 6.20953344e-10)
Weld12.Parent = Part1
Weld12.C0 = CFrame.new(5.25072437e-06, -9.04979558e-08, -6.02840373e-08, -2.12544884e-10, 0.000803425093, -0.999999702, 4.65420175e-10, 0.999999702, 0.000803425093, 1, -4.65249311e-10, -2.12918752e-10)
Weld12.C1 = CFrame.new(-2.92850495e-06, -0.400390595, -0.132823572, 8.56068161e-10, 0.999999702, 0.000817726948, -1, 8.55560678e-10, 6.21001806e-10, 6.20301976e-10, -0.000817726948, 0.999999702)
Weld13.Parent = Part1
Weld13.C0 = CFrame.new(5.25072437e-06, -9.04979558e-08, -6.02840373e-08, -2.12544884e-10, 0.000803425093, -0.999999702, 4.65420175e-10, 0.999999702, 0.000803425093, 1, -4.65249311e-10, -2.12918752e-10)
Weld13.C1 = CFrame.new(1.20404536e-07, 1.7940567e-05, 0.132805407, -1, 8.50133963e-10, 4.23458879e-10, 8.50476911e-10, 0.999999702, 0.000810576021, -4.22769625e-10, 0.000810576021, -0.999999702)
Weld14.Parent = Part1
Weld14.C0 = CFrame.new(5.25072437e-06, -9.04979558e-08, -6.02840373e-08, -2.12544884e-10, 0.000803425093, -0.999999702, 4.65420175e-10, 0.999999702, 0.000803425093, 1, -4.65249311e-10, -2.12918752e-10)
Weld14.C1 = CFrame.new(5.96581813e-05, -0.400390744, 0.9335953, 8.14806722e-10, 0.999999702, 0.000811847276, 1, -8.1443452e-10, -4.58876631e-10, -4.58215271e-10, 0.000811847276, -0.999999702)
Weld15.Parent = Part1
Weld15.C0 = CFrame.new(5.25072437e-06, -9.04979558e-08, -6.02840373e-08, -2.12544884e-10, 0.000803425093, -0.999999702, 4.65420175e-10, 0.999999702, 0.000803425093, 1, -4.65249311e-10, -2.12918752e-10)
Weld15.C1 = CFrame.new(2.33017072e-05, -0.933604836, 0.400390595, 8.35977676e-10, 0.999999702, 0.000817726948, 6.19722884e-10, -0.000817726948, 0.999999702, 1, -8.35470693e-10, -6.20406282e-10)
Weld16.Parent = Part1
Weld16.C0 = CFrame.new(5.25072437e-06, -9.04979558e-08, -6.02840373e-08, -2.12544884e-10, 0.000803425093, -0.999999702, 4.65420175e-10, 0.999999702, 0.000803425093, 1, -4.65249311e-10, -2.12918752e-10)
Weld16.C1 = CFrame.new(-1.52226988e-07, -0.373301029, -0.533214867, 1, -9.17886822e-10, -2.52556698e-10, 9.18089604e-10, 0.999999702, 0.000804378418, 2.51818288e-10, -0.000804378418, 0.999999702)
Weld17.Parent = Part1
Weld17.C0 = CFrame.new(5.25072437e-06, -9.04979558e-08, -6.02840373e-08, -2.12544884e-10, 0.000803425093, -0.999999702, 4.65420175e-10, 0.999999702, 0.000803425093, 1, -4.65249311e-10, -2.12918752e-10)
Weld17.C1 = CFrame.new(-0.533214211, 4.09488493e-05, -0.400390595, 6.19143847e-10, -0.000817726948, 0.999999702, 8.15887191e-10, 0.999999702, 0.000817726948, -1, 8.15380652e-10, 6.19810758e-10)
Weld18.Parent = Part1
Weld18.C0 = CFrame.new(5.25072437e-06, -9.04979558e-08, -6.02840373e-08, -2.12544884e-10, 0.000803425093, -0.999999702, 4.65420175e-10, 0.999999702, 0.000803425093, 1, -4.65249311e-10, -2.12918752e-10)
Weld18.C1 = CFrame.new(3.85732619e-08, 1.708794e-06, -0.933600962, 1, 2.30016242e-10, -1.24190033e-10, 2.3550692e-10, 0.999999702, 0.000801041722, 3.36916911e-10, -0.000808192533, 0.999999702)
Weld19.Parent = Part1
Weld19.C0 = CFrame.new(4.58660736e-07, -1.05566846e-06, 0, -3.88906235e-21, 0.997999787, 0.0632176325, 5.33270982e-22, -0.0632176325, 0.997999787, 1, 3.91499535e-21, -2.86346992e-22)
Weld19.C1 = CFrame.new(4.58660736e-07, -1.05566846e-06, 0, -3.88906235e-21, 0.997999787, 0.0632176325, 5.33270982e-22, -0.0632176325, 0.997999787, 1, 3.91499535e-21, -2.86346992e-22)
Weld20.Parent = Part1
Weld20.C0 = CFrame.new(4.58660736e-07, -1.05566846e-06, 0, -3.88906235e-21, 0.997999787, 0.0632176325, 5.33270982e-22, -0.0632176325, 0.997999787, 1, 3.91499535e-21, -2.86346992e-22)
Weld20.C1 = CFrame.new(0.533207953, 4.02465412e-05, -0.399536252, -4.0660561e-10, 0.997999609, 0.0632200539, 3.50466517e-10, -0.0632200539, 0.997999668, 1, 4.2794876e-10, -3.24059835e-10)
Weld21.Parent = Part1
Weld21.C0 = CFrame.new(4.58660736e-07, -1.05566846e-06, 0, -3.88906235e-21, 0.997999787, 0.0632176325, 5.33270982e-22, -0.0632176325, 0.997999787, 1, 3.91499535e-21, -2.86346992e-22)
Weld21.C1 = CFrame.new(-3.86806875e-07, 4.67300815e-05, -0.533184648, 1, 6.89605151e-10, -1.25792432e-09, 1.29899103e-09, -0.0631973371, 0.998001039, 6.08729123e-10, -0.998001099, -0.0631973371)
Weld22.Parent = Part1
Weld22.C0 = CFrame.new(4.58660736e-07, -1.05566846e-06, 0, -3.88906235e-21, 0.997999787, 0.0632176325, 5.33270982e-22, -0.0632176325, 0.997999787, 1, 3.91499535e-21, -2.86346992e-22)
Weld22.C1 = CFrame.new(0.533224404, 0.373393357, -3.90072529e-07, -8.32836911e-10, 0.998000622, 0.0632058904, 1.32148736e-09, -0.0632058978, 0.998000503, 1, 9.1469754e-10, -1.26620492e-09)
Weld23.Parent = Part1
Weld23.C0 = CFrame.new(4.58660736e-07, -1.05566846e-06, 0, -3.88906235e-21, 0.997999787, 0.0632176325, 5.33270982e-22, -0.0632176325, 0.997999787, 1, 3.91499535e-21, -2.86346992e-22)
Weld23.C1 = CFrame.new(-1.24499784e-05, 0.132795051, 0.400390744, 3.829842e-10, -0.0632034019, 0.998000741, -4.07727963e-10, 0.998000681, 0.0632034019, -1, -4.31118696e-10, 3.56448732e-10)
Weld24.Parent = Part1
Weld24.C0 = CFrame.new(4.58660736e-07, -1.05566846e-06, 0, -3.88906235e-21, 0.997999787, 0.0632176325, 5.33270982e-22, -0.0632176325, 0.997999787, 1, 3.91499535e-21, -2.86346992e-22)
Weld24.C1 = CFrame.new(9.7206248e-06, -0.400390506, -0.132816374, 3.90647487e-10, -0.0632200539, 0.997999668, -1, -4.31644803e-10, 3.64087233e-10, 4.07763739e-10, -0.997999609, -0.0632200539)
Weld25.Parent = Part1
Weld25.C0 = CFrame.new(4.58660736e-07, -1.05566846e-06, 0, -3.88906235e-21, 0.997999787, 0.0632176325, 5.33270982e-22, -0.0632176325, 0.997999787, 1, 3.91499535e-21, -2.86346992e-22)
Weld25.C1 = CFrame.new(1.12741731e-07, 1.47659775e-05, 0.132799253, -1, -2.34147424e-10, 3.70999564e-10, 3.85058263e-10, -0.0632105544, 0.998000205, -2.10228071e-10, 0.998000264, 0.0632105544)
Weld26.Parent = Part1
Weld26.C0 = CFrame.new(4.58660736e-07, -1.05566846e-06, 0, -3.88906235e-21, 0.997999787, 0.0632176325, 5.33270982e-22, -0.0632176325, 0.997999787, 1, 3.91499535e-21, -2.86346992e-22)
Weld26.C1 = CFrame.new(3.39694889e-05, -0.400390744, 0.933587611, 3.49388324e-10, -0.0632092953, 0.998000324, 1, 2.67267597e-10, -3.33160693e-10, -2.45674314e-10, 0.998000324, 0.0632092878)
Weld27.Parent = Part1
Weld27.C0 = CFrame.new(4.58660736e-07, -1.05566846e-06, 0, -3.88906235e-21, 0.997999787, 0.0632176325, 5.33270982e-22, -0.0632176325, 0.997999787, 1, 3.91499535e-21, -2.86346992e-22)
Weld27.C1 = CFrame.new(9.72479302e-06, -0.933596671, 0.400390506, 3.70557002e-10, -0.0632200539, 0.997999668, 4.07184675e-10, -0.997999609, -0.0632200539, 1, 4.29796781e-10, -3.44073547e-10)
Weld28.Parent = Part1
Weld28.C0 = CFrame.new(4.58660736e-07, -1.05566846e-06, 0, -3.88906235e-21, 0.997999787, 0.0632176325, 5.33270982e-22, -0.0632176325, 0.997999787, 1, 3.91499535e-21, -2.86346992e-22)
Weld28.C1 = CFrame.new(-9.38037488e-08, -0.37332812, -0.533202708, 1, 6.78072321e-11, -4.49284138e-10, 4.52671733e-10, -0.0632067397, 0.998000443, 3.92738446e-11, -0.998000562, -0.0632067248)
Weld29.Parent = Part1
Weld29.C0 = CFrame.new(4.58660736e-07, -1.05566846e-06, 0, -3.88906235e-21, 0.997999787, 0.0632176325, 5.33270982e-22, -0.0632176325, 0.997999787, 1, 3.91499535e-21, -2.86346992e-22)
Weld29.C1 = CFrame.new(-0.533207953, 4.02465412e-05, -0.400390506, 4.0660561e-10, -0.997999609, -0.0632200539, 3.50466517e-10, -0.0632200539, 0.997999668, -1, -4.2794876e-10, 3.24059835e-10)
Weld30.Parent = Part1
Weld30.C0 = CFrame.new(4.58660736e-07, -1.05566846e-06, 0, -3.88906235e-21, 0.997999787, 0.0632176325, 5.33270982e-22, -0.0632176325, 0.997999787, 1, 3.91499535e-21, -2.86346992e-22)
Weld30.C1 = CFrame.new(-7.07679817e-08, 2.65414451e-06, -0.933581531, 1, 1.09589553e-10, 2.37319969e-10, 2.3550692e-10, -0.0632223934, 0.997999489, 3.36916911e-10, -0.997999012, -0.0632295236)
Weld31.Parent = Part1
Weld31.C0 = CFrame.new(5.53692553e-06, 2.04514564e-07, -6.04753154e-08, -2.12544884e-10, 0.00080342195, -0.999999702, 4.65420175e-10, 0.999999702, 0.00080342195, 1, -4.65249311e-10, -2.12918766e-10)
Weld31.C1 = CFrame.new(5.53692553e-06, 2.04514564e-07, -6.04753154e-08, -2.12544884e-10, 0.00080342195, -0.999999702, 4.65420175e-10, 0.999999702, 0.00080342195, 1, -4.65249311e-10, -2.12918766e-10)
Weld32.Parent = Part1
Weld32.C0 = CFrame.new(5.53692553e-06, 2.04514564e-07, -6.04753154e-08, -2.12544884e-10, 0.00080342195, -0.999999702, 4.65420175e-10, 0.999999702, 0.00080342195, 1, -4.65249311e-10, -2.12918766e-10)
Weld32.C1 = CFrame.new(0.533212543, 4.33809255e-05, -0.399536133, -4.77452022e-10, 0.000812952989, -0.999999702, 5.0560689e-10, 0.999999702, 0.000812952989, 1, -5.05218589e-10, -4.77862916e-10)
Weld33.Parent = Part1
Weld33.C0 = CFrame.new(5.53692553e-06, 2.04514564e-07, -6.04753154e-08, -2.12544884e-10, 0.00080342195, -0.999999702, 4.65420175e-10, 0.999999702, 0.00080342195, 1, -4.65249311e-10, -2.12918766e-10)
Weld33.C1 = CFrame.new(-2.3357552e-07, 5.55160077e-05, -0.533165157, 1, -1.76372972e-09, -8.22718005e-10, 1.76440684e-09, 0.999999702, 0.000823921058, 8.21264445e-10, -0.000823920942, 0.999999762)
Weld34.Parent = Part1
Weld34.C0 = CFrame.new(5.53692553e-06, 2.04514564e-07, -6.04753154e-08, -2.12544884e-10, 0.00080342195, -0.999999702, 4.65420175e-10, 0.999999702, 0.00080342195, 1, -4.65249311e-10, -2.12918766e-10)
Weld34.C1 = CFrame.new(0.533225417, 0.37339133, -1.62893741e-07, -1.04536846e-09, 0.000832025486, -0.999999642, 1.78690496e-09, 0.999999702, 0.000832025427, 1, -1.78603476e-09, -1.04685483e-09)
Weld35.Parent = Part1
Weld35.C0 = CFrame.new(5.53692553e-06, 2.04514564e-07, -6.04753154e-08, -2.12544884e-10, 0.00080342195, -0.999999702, 4.65420175e-10, 0.999999702, 0.00080342195, 1, -4.65249311e-10, -2.12918766e-10)
Weld35.C1 = CFrame.new(-4.40306758e-06, 0.132771388, 0.400390655, 8.48401349e-10, 0.999999702, 0.000801038579, -6.20273943e-10, 0.000801038579, -0.999999702, -1, 8.47904247e-10, 6.20953344e-10)
Weld36.Parent = Part1
Weld36.C0 = CFrame.new(5.53692553e-06, 2.04514564e-07, -6.04753154e-08, -2.12544884e-10, 0.00080342195, -0.999999702, 4.65420175e-10, 0.999999702, 0.00080342195, 1, -4.65249311e-10, -2.12918766e-10)
Weld36.C1 = CFrame.new(1.28626851e-07, -0.400390595, -0.13282387, 8.56068161e-10, 0.999999702, 0.000817724678, -1, 8.55560678e-10, 6.21001806e-10, 6.20301976e-10, -0.000817724678, 0.999999702)
Weld37.Parent = Part1
Weld37.C0 = CFrame.new(5.53692553e-06, 2.04514564e-07, -6.04753154e-08, -2.12544884e-10, 0.00080342195, -0.999999702, 4.65420175e-10, 0.999999702, 0.00080342195, 1, -4.65249311e-10, -2.12918766e-10)
Weld37.C1 = CFrame.new(1.20785018e-07, 3.03727884e-05, 0.132775158, -1, 8.50133963e-10, 4.23458851e-10, 8.50476911e-10, 0.999999702, 0.000810569618, -4.22769625e-10, 0.000810569618, -0.999999702)
Weld38.Parent = Part1
Weld38.C0 = CFrame.new(5.53692553e-06, 2.04514564e-07, -6.04753154e-08, -2.12544884e-10, 0.00080342195, -0.999999702, 4.65420175e-10, 0.999999702, 0.00080342195, 1, -4.65249311e-10, -2.12918766e-10)
Weld38.C1 = CFrame.new(6.63429382e-05, -0.400390744, 0.933595598, 8.14806722e-10, 0.999999702, 0.000811841746, 1, -8.14434464e-10, -4.58876631e-10, -4.58215271e-10, 0.000811841746, -0.999999702)
Weld39.Parent = Part1
Weld39.C0 = CFrame.new(5.53692553e-06, 2.04514564e-07, -6.04753154e-08, -2.12544884e-10, 0.00080342195, -0.999999702, 4.65420175e-10, 0.999999702, 0.00080342195, 1, -4.65249311e-10, -2.12918766e-10)
Weld39.C1 = CFrame.new(2.15904674e-05, -0.933605134, 0.400390595, 8.35977676e-10, 0.999999702, 0.000817724678, 6.19722884e-10, -0.000817724678, 0.999999702, 1, -8.35470693e-10, -6.20406337e-10)
Weld40.Parent = Part1
Weld40.C0 = CFrame.new(5.53692553e-06, 2.04514564e-07, -6.04753154e-08, -2.12544884e-10, 0.00080342195, -0.999999702, 4.65420175e-10, 0.999999702, 0.00080342195, 1, -4.65249311e-10, -2.12918766e-10)
Weld40.C1 = CFrame.new(-1.52702455e-07, -0.373297483, -0.533215165, 1, -9.17886822e-10, -2.52556753e-10, 9.18089604e-10, 0.999999702, 0.000804377254, 2.51818288e-10, -0.000804377254, 0.999999702)
Weld41.Parent = Part1
Weld41.C0 = CFrame.new(5.53692553e-06, 2.04514564e-07, -6.04753154e-08, -2.12544884e-10, 0.00080342195, -0.999999702, 4.65420175e-10, 0.999999702, 0.00080342195, 1, -4.65249311e-10, -2.12918766e-10)
Weld41.C1 = CFrame.new(-0.533214509, 4.16217954e-05, -0.400390595, 6.19143847e-10, -0.000817724678, 0.999999702, 8.15887191e-10, 0.999999702, 0.000817724678, -1, 8.15380652e-10, 6.19810814e-10)
Weld42.Parent = Part1
Weld42.C0 = CFrame.new(5.53692553e-06, 2.04514564e-07, -6.04753154e-08, -2.12544884e-10, 0.00080342195, -0.999999702, 4.65420175e-10, 0.999999702, 0.00080342195, 1, -4.65249311e-10, -2.12918766e-10)
Weld42.C1 = CFrame.new(3.86851866e-08, 1.33582325e-05, -0.93360126, 1, 2.30016242e-10, -1.24190033e-10, 2.3550692e-10, 0.999999702, 0.000801045971, 3.36916911e-10, -0.000808193639, 0.999999702)
Weld43.Parent = Part1
Weld43.C0 = CFrame.new(-3.95431243e-07, 7.30769489e-06, 0, -3.92543285e-21, 0.997566223, -0.069725059, 1.26768054e-23, 0.069725059, 0.997566223, 1, 3.91499535e-21, -2.86346992e-22)
Weld43.C1 = CFrame.new(-3.95431243e-07, 7.30769489e-06, 0, -3.92543285e-21, 0.997566223, -0.069725059, 1.26768054e-23, 0.069725059, 0.997566223, 1, 3.91499535e-21, -2.86346992e-22)
Weld44.Parent = Part1
Weld44.C0 = CFrame.new(-3.95431243e-07, 7.30769489e-06, 0, -3.92543285e-21, 0.997566223, -0.069725059, 1.26768054e-23, 0.069725059, 0.997566223, 1, 3.91499535e-21, -2.86346992e-22)
Weld44.C1 = CFrame.new(0.533207655, 4.00506069e-05, -0.399536133, -2.64911593e-10, 0.997566879, -0.069715552, 4.01852024e-11, 0.0697179288, 0.9975667, 1, 1.98314268e-10, 2.08188033e-11)
Weld45.Parent = Part1
Weld45.C0 = CFrame.new(-3.95431243e-07, 7.30769489e-06, 0, -3.92543285e-21, 0.997566223, -0.069725059, 1.26768054e-23, 0.069725059, 0.997566223, 1, 3.91499535e-21, -2.86346992e-22)
Weld45.C1 = CFrame.new(-4.09776021e-07, 5.64174661e-05, -0.533183694, 1, 5.16648224e-10, -1.33828371e-09, 1.29899103e-09, 0.0697453171, 0.997564912, 6.08729123e-10, -0.997564912, 0.0697453246)
Weld46.Parent = Part1
Weld46.C0 = CFrame.new(-3.95431243e-07, 7.30769489e-06, 0, -3.92543285e-21, 0.997566223, -0.069725059, 1.26768054e-23, 0.069725059, 0.997566223, 1, 3.91499535e-21, -2.86346992e-22)
Weld46.C1 = CFrame.new(0.53322345, 0.373397857, -4.03579065e-07, -8.32836911e-10, 0.997565448, -0.0697367489, 1.32148736e-09, 0.0697367489, 0.997565448, 1, 7.38653139e-10, -1.37634937e-09)
Weld47.Parent = Part1
Weld47.C0 = CFrame.new(-3.95431243e-07, 7.30769489e-06, 0, -3.92543285e-21, 0.997566223, -0.069725059, 1.26768054e-23, 0.069725059, 0.997566223, 1, 3.91499535e-21, -2.86346992e-22)
Weld47.C1 = CFrame.new(-9.81253652e-06, 0.132794693, 0.400390744, 3.829842e-10, 0.0697392747, 0.997565329, -4.07727963e-10, 0.997565329, -0.0697392747, -1, -3.80026233e-10, 4.10486423e-10)
Weld48.Parent = Part1
Weld48.C0 = CFrame.new(-3.95431243e-07, 7.30769489e-06, 0, -3.92543285e-21, 0.997566223, -0.069725059, 1.26768054e-23, 0.069725059, 0.997566223, 1, 3.91499535e-21, -2.86346992e-22)
Weld48.C1 = CFrame.new(2.00291402e-06, -0.400390506, -0.132815465, 3.90647487e-10, 0.0697226226, 0.997566521, -1, -3.79534459e-10, 4.18127227e-10, 4.07763739e-10, -0.997566402, 0.0697226301)
Weld49.Parent = Part1
Weld49.C0 = CFrame.new(-3.95431243e-07, 7.30769489e-06, 0, -3.92543285e-21, 0.997566223, -0.069725059, 1.26768054e-23, 0.069725059, 0.997566223, 1, 3.91499535e-21, -2.86346992e-22)
Weld49.C1 = CFrame.new(1.20755828e-07, 4.99412226e-06, 0.132797584, -1, -1.82865389e-10, 3.9878062e-10, 3.85058263e-10, 0.0697321221, 0.997565806, -2.10228071e-10, 0.997565746, -0.0697321221)
Weld50.Parent = Part1
Weld50.C0 = CFrame.new(-3.95431243e-07, 7.30769489e-06, 0, -3.92543285e-21, 0.997566223, -0.069725059, 1.26768054e-23, 0.069725059, 0.997566223, 1, 3.91499535e-21, -2.86346992e-22)
Weld50.C1 = CFrame.new(4.74962835e-05, -0.400390744, 0.933588088, 3.49388324e-10, 0.0697333813, 0.997565746, 1, 2.20712254e-10, -3.65669495e-10, -2.45674314e-10, 0.997565746, -0.0697333887)
Weld51.Parent = Part1
Weld51.C0 = CFrame.new(-3.95431243e-07, 7.30769489e-06, 0, -3.92543285e-21, 0.997566223, -0.069725059, 1.26768054e-23, 0.069725059, 0.997566223, 1, 3.91499535e-21, -2.86346992e-22)
Weld51.C1 = CFrame.new(2.00708268e-06, -0.933598638, 0.400390506, 3.70557002e-10, 0.0697226226, 0.997566521, 4.07184675e-10, -0.997566402, 0.0697226301, 1, 3.80357551e-10, -3.98045263e-10)
Weld52.Parent = Part1
Weld52.C0 = CFrame.new(-3.95431243e-07, 7.30769489e-06, 0, -3.92543285e-21, 0.997566223, -0.069725059, 1.26768054e-23, 0.069725059, 0.997566223, 1, 3.91499535e-21, -2.86346992e-22)
Weld52.C1 = CFrame.new(-1.0609989e-07, -0.373298496, -0.533198833, 1, 7.61074016e-12, -4.54308563e-10, 4.52671733e-10, 0.0697359443, 0.997565567, 3.92738446e-11, -0.997565567, 0.0697359443)
Weld53.Parent = Part1
Weld53.C0 = CFrame.new(-3.95431243e-07, 7.30769489e-06, 0, -3.92543285e-21, 0.997566223, -0.069725059, 1.26768054e-23, 0.069725059, 0.997566223, 1, 3.91499535e-21, -2.86346992e-22)
Weld53.C1 = CFrame.new(-0.533206105, 3.25288311e-05, -0.400390536, 4.0660561e-10, -0.997566402, 0.0697226301, 3.50466517e-10, 0.0697226226, 0.997566521, -1, -3.8118067e-10, 3.77963272e-10)
Weld54.Parent = Part1
Weld54.C0 = CFrame.new(-3.95431243e-07, 7.30769489e-06, 0, -3.92543285e-21, 0.997566223, -0.069725059, 1.26768054e-23, 0.069725059, 0.997566223, 1, 3.91499535e-21, -2.86346992e-22)
Weld54.C1 = CFrame.new(-6.55530812e-08, 2.72896377e-05, -0.933581114, 1, 1.40101444e-10, 2.20685789e-10, 2.3550692e-10, 0.0697202981, 0.997566581, 3.36916911e-10, -0.997567058, 0.0697131678)
Weld55.Parent = Part1
Weld55.C0 = CFrame.new(1.14122267e-05, 2.31042439e-08, -1.81467669e-07, -6.37624675e-10, 0.000817726715, -0.999999762, 1.396256e-09, 0.999999702, 0.000817726832, 1, -1.39573431e-09, -6.38766207e-10)
Weld55.C1 = CFrame.new(1.14122267e-05, 2.31042439e-08, -1.81467669e-07, -6.37624675e-10, 0.000817726715, -0.999999762, 1.396256e-09, 0.999999702, 0.000817726832, 1, -1.39573431e-09, -6.38766207e-10)
Weld56.Parent = Part1
Weld56.C0 = CFrame.new(1.14122267e-05, 2.31042439e-08, -1.81467669e-07, -6.37624675e-10, 0.000817726715, -0.999999762, 1.396256e-09, 0.999999702, 0.000817726832, 1, -1.39573431e-09, -6.38766207e-10)
Weld56.C1 = CFrame.new(0.5332008, 8.52442608e-05, -0.399536431, -1.4692636e-09, 0.000846330251, -0.999999642, 2.67755484e-09, 0.999999702, 0.000846330193, 1, -2.67631073e-09, -1.47152912e-09)
Weld57.Parent = Part1
Weld57.C0 = CFrame.new(1.14122267e-05, 2.31042439e-08, -1.81467669e-07, -6.37624675e-10, 0.000817726715, -0.999999762, 1.396256e-09, 0.999999702, 0.000817726832, 1, -1.39573431e-09, -6.38766207e-10)
Weld57.C1 = CFrame.new(-3.54604822e-07, 7.10747918e-05, -0.533170998, 1, -2.69418865e-09, -1.24858379e-09, 2.69523404e-09, 0.999999702, 0.000838225707, 1.24632515e-09, -0.000838225707, 0.999999642)
Weld58.Parent = Part1
Weld58.C0 = CFrame.new(1.14122267e-05, 2.31042439e-08, -1.81467669e-07, -6.37624675e-10, 0.000817726715, -0.999999762, 1.396256e-09, 0.999999702, 0.000817726832, 1, -1.39573431e-09, -6.38766207e-10)
Weld58.C1 = CFrame.new(0.533231318, 0.373406291, -2.83906502e-07, -1.47042167e-09, 0.000846330251, -0.999999642, 2.71773581e-09, 0.999999702, 0.000846330193, 1, -2.71649037e-09, -1.47272128e-09)
Weld59.Parent = Part1
Weld59.C0 = CFrame.new(1.14122267e-05, 2.31042439e-08, -1.81467669e-07, -6.37624675e-10, 0.000817726715, -0.999999762, 1.396256e-09, 0.999999702, 0.000817726832, 1, -1.39573431e-09, -6.38766207e-10)
Weld59.C1 = CFrame.new(5.93345294e-06, 0.132752568, 0.400390923, 2.71005463e-09, 0.999999702, 0.000829644501, -1.47042467e-09, 0.000829644501, -0.999999642, -1, 2.70883382e-09, 1.47267265e-09)
Weld60.Parent = Part1
Weld60.C0 = CFrame.new(1.14122267e-05, 2.31042439e-08, -1.81467669e-07, -6.37624675e-10, 0.000817726715, -0.999999762, 1.396256e-09, 0.999999702, 0.000817726832, 1, -1.39573431e-09, -6.38766207e-10)
Weld60.C1 = CFrame.new(8.4651374e-06, -0.400390327, -0.132810175, 2.71773581e-09, 0.999999702, 0.000846330193, -1, 2.71649037e-09, 1.47272128e-09, 1.47042167e-09, -0.000846330251, 0.999999642)
Weld61.Parent = Part1
Weld61.C0 = CFrame.new(1.14122267e-05, 2.31042439e-08, -1.81467669e-07, -6.37624675e-10, 0.000817726715, -0.999999762, 1.396256e-09, 0.999999702, 0.000817726832, 1, -1.39573431e-09, -6.38766207e-10)
Weld61.C1 = CFrame.new(3.62762336e-07, 2.95230384e-05, 0.132817402, -1, 2.71106715e-09, 1.27517807e-09, 2.71213629e-09, 0.999999702, 0.000839179265, -1.27290256e-09, 0.000839179265, -0.999999642)
Weld62.Parent = Part1
Weld62.C0 = CFrame.new(1.14122267e-05, 2.31042439e-08, -1.81467669e-07, -6.37624675e-10, 0.000817726715, -0.999999762, 1.396256e-09, 0.999999702, 0.000817726832, 1, -1.39573431e-09, -6.38766207e-10)
Weld62.C1 = CFrame.new(0.000142092002, -0.400391012, 0.93360728, 2.67646505e-09, 0.999999702, 0.000840450521, 1, -2.6753646e-09, -1.31059485e-09, -1.30834588e-09, 0.000840450521, -0.999999642)
Weld63.Parent = Part1
Weld63.C0 = CFrame.new(1.14122267e-05, 2.31042439e-08, -1.81467669e-07, -6.37624675e-10, 0.000817726715, -0.999999762, 1.396256e-09, 0.999999702, 0.000817726832, 1, -1.39573431e-09, -6.38766207e-10)
Weld63.C1 = CFrame.new(0.000101452555, -0.933591425, 0.400390327, 2.69764522e-09, 0.999999702, 0.000846330193, 1.46984258e-09, -0.000846330251, 0.999999642, 1, -2.69640044e-09, -1.47212509e-09)
Weld64.Parent = Part1
Weld64.C0 = CFrame.new(1.14122267e-05, 2.31042439e-08, -1.81467669e-07, -6.37624675e-10, 0.000817726715, -0.999999762, 1.396256e-09, 0.999999702, 0.000817726832, 1, -1.39573431e-09, -6.38766207e-10)
Weld64.C1 = CFrame.new(-3.94687646e-07, -0.373256177, -0.533165812, 1, -2.77882695e-09, -1.10427789e-09, 2.77974577e-09, 0.999999702, 0.000832981663, 1.10196274e-09, -0.000832981663, 0.999999642)
Weld65.Parent = Part1
Weld65.C0 = CFrame.new(1.14122267e-05, 2.31042439e-08, -1.81467669e-07, -6.37624675e-10, 0.000817726715, -0.999999762, 1.396256e-09, 0.999999702, 0.000817726832, 1, -1.39573431e-09, -6.38766207e-10)
Weld65.C1 = CFrame.new(-0.5332008, 8.52442608e-05, -0.400390327, 1.4692636e-09, -0.000846330251, 0.999999642, 2.67755484e-09, 0.999999702, 0.000846330193, -1, 2.67631073e-09, 1.47152912e-09)
Weld66.Parent = Part1
Weld66.C0 = CFrame.new(1.14122267e-05, 2.31042439e-08, -1.81467669e-07, -6.37624675e-10, 0.000817726715, -0.999999762, 1.396256e-09, 0.999999702, 0.000817726832, 1, -1.39573431e-09, -6.38766207e-10)
Weld66.C1 = CFrame.new(-2.17958132e-08, 2.16124681e-05, -0.933588922, 1, -7.00479896e-10, -5.50027579e-10, 7.00928149e-10, 0.999999702, 0.000815343345, 5.49456258e-10, -0.000815343345, 0.999999702)
Weld67.Parent = Part1
Weld67.C0 = CFrame.new(2.73681553e-06, -7.9203943e-08, -1.32984567e-07, -1, 4.29049651e-05, 1.27289645e-09, 4.29049651e-05, 1, -2.71216405e-09, -1.27303168e-09, -2.7121092e-09, -1)
Weld67.C1 = CFrame.new(2.73681553e-06, -7.9203943e-08, -1.32984567e-07, -1, 4.29049651e-05, 1.27289645e-09, 4.29049651e-05, 1, -2.71216405e-09, -1.27303168e-09, -2.7121092e-09, -1)
Weld68.Parent = Part1
Weld68.C0 = CFrame.new(2.58500165e-07, 1.47510104e-06, 9.1201764e-07, -0.0304826926, -0.998224854, 0.0511664115, -0.997482359, 0.027100971, -0.0655324385, 0.0640294328, -0.0530351698, -0.996537805)
Weld68.C1 = CFrame.new(2.58500165e-07, 1.47510104e-06, 9.1201764e-07, -0.0304826926, -0.998224854, 0.0511664115, -0.997482359, 0.027100971, -0.0655324385, 0.0640294328, -0.0530351698, -0.996537805)
Weld69.Parent = Part1
Weld69.C0 = CFrame.new(5.81937775e-06, 3.66444342e-09, 4.0117655e-07, -1, 1.83190277e-05, 1.62574338e-07, 1.82680233e-05, 1, -5.43802935e-06, -1.05692934e-07, -5.39845632e-06, -1.00000012)
Weld69.C1 = CFrame.new(5.81937775e-06, 3.66444342e-09, 4.0117655e-07, -1, 1.83190277e-05, 1.62574338e-07, 1.82680233e-05, 1, -5.43802935e-06, -1.05692934e-07, -5.39845632e-06, -1.00000012)
Weld70.Parent = Part1
Weld70.C0 = CFrame.new(5.19993637e-06, -2.07580495e-08, -4.3925632e-09, -0.99999994, -7.85102384e-06, 1.626222e-07, -7.9020283e-06, 1, -7.75445642e-06, -1.05581343e-07, -7.71488703e-06, -1.00000012)
Weld70.C1 = CFrame.new(5.19993637e-06, -2.07580495e-08, -4.3925632e-09, -0.99999994, -7.85102384e-06, 1.626222e-07, -7.9020283e-06, 1, -7.75445642e-06, -1.05581343e-07, -7.71488703e-06, -1.00000012)
Weld71.Parent = Part1
Weld71.C0 = CFrame.new(-4.51719643e-07, 1.87397453e-09, -3.76758157e-06, -0.999999821, -3.77100787e-06, -6.00899241e-09, -3.82201188e-06, 1, -4.80523522e-06, 6.30072776e-08, -4.76566538e-06, -1.00000012)
Weld71.C1 = CFrame.new(-4.51719643e-07, 1.87397453e-09, -3.76758157e-06, -0.999999821, -3.77100787e-06, -6.00899241e-09, -3.82201188e-06, 1, -4.80523522e-06, 6.30072776e-08, -4.76566538e-06, -1.00000012)
Weld72.Parent = Part1
Weld72.C0 = CFrame.new(1.26816673e-07, -2.34453221e-08, 5.90223294e-07, -0.999999762, -1.85550198e-05, -5.83594151e-09, -1.86060279e-05, 1, -8.11173049e-06, 6.29660306e-08, -8.07215929e-06, -1.00000012)
Weld72.C1 = CFrame.new(1.26816673e-07, -2.34453221e-08, 5.90223294e-07, -0.999999762, -1.85550198e-05, -5.83594151e-09, -1.86060279e-05, 1, -8.11173049e-06, 6.29660306e-08, -8.07215929e-06, -1.00000012)
Weld73.Parent = Part1
Weld73.C0 = CFrame.new(8.01678993e-07, -1.1426212e-08, -1.10775409e-06, -0.999999702, -1.59489209e-05, -5.85270321e-09, -1.5999929e-05, 1, -9.83655082e-06, 6.29892654e-08, -9.79697961e-06, -1.00000012)
Weld73.C1 = CFrame.new(8.01678993e-07, -1.1426212e-08, -1.10775409e-06, -0.999999702, -1.59489209e-05, -5.85270321e-09, -1.5999929e-05, 1, -9.83655082e-06, 6.29892654e-08, -9.79697961e-06, -1.00000012)
Weld74.Parent = Part1
Weld74.C0 = CFrame.new(1.07855703e-06, -1.98978043e-08, -4.36352309e-07, -0.999999642, -1.87142232e-05, -3.42939558e-07, -1.87652277e-05, 1, -1.32089617e-05, 4.00166499e-07, -1.31693841e-05, -1.00000012)
Weld74.C1 = CFrame.new(1.07855703e-06, -1.98978043e-08, -4.36352309e-07, -0.999999642, -1.87142232e-05, -3.42939558e-07, -1.87652277e-05, 1, -1.32089617e-05, 4.00166499e-07, -1.31693841e-05, -1.00000012)
Weld75.Parent = Part1
Weld75.C0 = CFrame.new(-2.96131202e-06, 1.15200116e-08, -5.08313747e-08, -0.999999583, -2.1935306e-05, -3.42888029e-07, -2.19863105e-05, 1, -1.28208176e-05, 4.00148849e-07, -1.27812382e-05, -1.00000012)
Weld75.C1 = CFrame.new(-2.96131202e-06, 1.15200116e-08, -5.08313747e-08, -0.999999583, -2.1935306e-05, -3.42888029e-07, -2.19863105e-05, 1, -1.28208176e-05, 4.00148849e-07, -1.27812382e-05, -1.00000012)
Sound76.Name = "OpenSound"
Sound76.Parent = Part1
Sound76.SoundId = "http://www.roblox.com/asset/?id=10721950"
Sound77.Name = "DrinkSound"
Sound77.Parent = Part1
Sound77.SoundId = "http://www.roblox.com/asset/?id=10722059"
Script78.Name = "BloxyColaScript"
Script78.Parent = Tool0
table.insert(cors,sandbox(Script78,function()
local Tool = script.Parent;

enabled = true




function onActivated()
	if not enabled  then
		return
	end

	enabled = false
	Tool.GripForward = Vector3.new(0,-.759,-.651)
	Tool.GripPos = Vector3.new(1.5,-.5,.3)
	Tool.GripRight = Vector3.new(1,0,0)
	Tool.GripUp = Vector3.new(0,.651,-.759)


	Tool.Handle.DrinkSound:Play()

	wait(3)
	
	local h = Tool.Parent:FindFirstChild("Humanoid")
	if (h ~= nil) then
		if (h.MaxHealth > h.Health + 5) then
			h.Health = h.Health + 5
		else	
			h.Health = h.MaxHealth
		end
	end

	Tool.GripForward = Vector3.new(-.976,0,-0.217)
	Tool.GripPos = Vector3.new(0.03,0,0)
	Tool.GripRight = Vector3.new(.217,0,-.976)
	Tool.GripUp = Vector3.new(0,1,0)

	enabled = true

end

function onEquipped()
	Tool.Handle.OpenSound:play()
end

script.Parent.Activated:connect(onActivated)
script.Parent.Equipped:connect(onEquipped)

end))
for i,v in pairs(mas:GetChildren()) do
	v.Parent = game:GetService("Players").LocalPlayer.Backpack
	pcall(function() v:MakeJoints() end)
end
mas:Destroy()
for i,v in pairs(cors) do
	spawn(function()
		pcall(v)
	end)
end