--amogus
for i,v in next, game:GetService("Players").LocalPlayer.Character:GetDescendants() do
if v:IsA("BasePart") and v.Name ~="HumanoidRootPart" then 
game:GetService("RunService").Heartbeat:connect(function()
v.Velocity = Vector3.new(45,0,0)
end)
end
end
 
Bypass = "death"
loadstring(game:GetObjects("rbxassetid://5325226148")[1].Source)()
-----OPTIONS
local ToolName = "Back_AccAccessory" ----- the hats name on explorer/dex (not name in catalog)
local NoSound = false ----- sound or no sound (Background Music)
local OldModel = false ----- Use Old Model or your accessory
 
local IsDead = false
local StateMover = true
 
local playerss = workspace.non
local maybe = playerss[ToolName].Handle
local bbv,bullet
if Bypass == "death" then
	bullet = game.Players.LocalPlayer.Character["HumanoidRootPart"]
	bullet.Transparency = 0
	bullet.Massless = true
	if bullet:FindFirstChildOfClass("Attachment") then
		for _,v in pairs(bullet:GetChildren()) do
			if v:IsA("Attachment") then
				v:Destroy()
			end
		end
	end
 
	bbv = Instance.new("BodyPosition",bullet)
    bbv.Position = playerss.Torso.CFrame.p
end
 
 
maybe:FindFirstChildOfClass("AlignPosition").Name = "AlignPosition2"
maybe:FindFirstChildOfClass("AlignOrientation").Name = "AlignOrientation2"
 
playerss.Torso.WaistBackAttachment.Position = Vector3.new(-0, 2, 0.6)
playerss.Torso.WaistBackAttachment.Orientation = Vector3.new(-4.16, -190, 99.8)
 
if Bypass == "death" then
coroutine.wrap(function()
	while true do
		if not playerss or not playerss:FindFirstChildOfClass("Humanoid") or playerss:FindFirstChildOfClass("Humanoid").Health <= 0 then IsDead = true; return end
		if StateMover then
			bbv.Position = playerss.Torso.CFrame.p
    		bullet.Position = playerss.Torso.CFrame.p
		end
		game:GetService("RunService").RenderStepped:wait()
	end
end)()
end
 
local CDDF = {}
local DamageFling = function(DmgPer)
	if IsDead or Bypass ~= "death" or (DmgPer.Name == playerss.Name and DmgPer.Name == "non") or CDDF[DmgPer] or not DmgPer or not DmgPer:FindFirstChildOfClass("Humanoid") or DmgPer:FindFirstChildOfClass("Humanoid").Health <= 0 then return end
	CDDF[DmgPer] = true; StateMover = false
	local PosFling = (DmgPer:FindFirstChild("HumanoidRootPart") and DmgPer:FindFirstChild("HumanoidRootPart") .CFrame.p) or (DmgPer:FindFirstChildOfClass("Part") and DmgPer:FindFirstChildOfClass("Part").CFrame.p)
    bbav = Instance.new("BodyAngularVelocity",bullet)
    bbav.MaxTorque = Vector3.new(math.huge,math.huge,math.huge)
    bbav.P = 1000000000000000000000000000
    bbav.AngularVelocity = Vector3.new(10000000000000000000000000000000,100000000000000000000000000,100000000000000000)
    game:GetService("Debris"):AddItem(bbav,0.1)
    bullet.Rotation = playerss.Torso.Rotation
	for _=1,15 do
		bbv.Position = PosFling
		bullet.Position = PosFling
        wait(0.03)
	end
	bbv.Position = playerss.Torso.CFrame.p
    bullet.Position = playerss.Torso.CFrame.p
	CDDF[DmgPer] = false; StateMover = true
end
 
cors = {}
mas = Instance.new("Model",game:GetService("Lighting"))
Model0 = Instance.new("Model")
Part1 = Instance.new("Part")
SpecialMesh2 = Instance.new("SpecialMesh")
Part3 = Instance.new("Part")
SpecialMesh4 = Instance.new("SpecialMesh")
Weld5 = Instance.new("Weld")
Weld6 = Instance.new("Weld")
Weld7 = Instance.new("Weld")
Weld8 = Instance.new("Weld")
Weld9 = Instance.new("Weld")
Weld10 = Instance.new("Weld")
Weld11 = Instance.new("Weld")
Weld12 = Instance.new("Weld")
Weld13 = Instance.new("Weld")
Weld14 = Instance.new("Weld")
Weld15 = Instance.new("Weld")
Weld16 = Instance.new("Weld")
Weld17 = Instance.new("Weld")
Weld18 = Instance.new("Weld")
Weld19 = Instance.new("Weld")
Weld20 = Instance.new("Weld")
Weld21 = Instance.new("Weld")
Weld22 = Instance.new("Weld")
Weld23 = Instance.new("Weld")
Weld24 = Instance.new("Weld")
Weld25 = Instance.new("Weld")
Weld26 = Instance.new("Weld")
Weld27 = Instance.new("Weld")
Weld28 = Instance.new("Weld")
Weld29 = Instance.new("Weld")
Weld30 = Instance.new("Weld")
Weld31 = Instance.new("Weld")
Weld32 = Instance.new("Weld")
Weld33 = Instance.new("Weld")
Weld34 = Instance.new("Weld")
Weld35 = Instance.new("Weld")
Weld36 = Instance.new("Weld")
Weld37 = Instance.new("Weld")
Weld38 = Instance.new("Weld")
Weld39 = Instance.new("Weld")
Weld40 = Instance.new("Weld")
Weld41 = Instance.new("Weld")
Weld42 = Instance.new("Weld")
Weld43 = Instance.new("Weld")
Weld44 = Instance.new("Weld")
Weld45 = Instance.new("Weld")
Weld46 = Instance.new("Weld")
Weld47 = Instance.new("Weld")
Weld48 = Instance.new("Weld")
Weld49 = Instance.new("Weld")
Weld50 = Instance.new("Weld")
Weld51 = Instance.new("Weld")
Weld52 = Instance.new("Weld")
Weld53 = Instance.new("Weld")
Weld54 = Instance.new("Weld")
Weld55 = Instance.new("Weld")
Weld56 = Instance.new("Weld")
Weld57 = Instance.new("Weld")
Weld58 = Instance.new("Weld")
Weld59 = Instance.new("Weld")
Weld60 = Instance.new("Weld")
Weld61 = Instance.new("Weld")
Weld62 = Instance.new("Weld")
Weld63 = Instance.new("Weld")
Weld64 = Instance.new("Weld")
Weld65 = Instance.new("Weld")
Weld66 = Instance.new("Weld")
Weld67 = Instance.new("Weld")
Weld68 = Instance.new("Weld")
Weld69 = Instance.new("Weld")
Weld70 = Instance.new("Weld")
Weld71 = Instance.new("Weld")
Weld72 = Instance.new("Weld")
Weld73 = Instance.new("Weld")
Weld74 = Instance.new("Weld")
Weld75 = Instance.new("Weld")
Weld76 = Instance.new("Weld")
Weld77 = Instance.new("Weld")
Weld78 = Instance.new("Weld")
Weld79 = Instance.new("Weld")
Weld80 = Instance.new("Weld")
Weld81 = Instance.new("Weld")
Weld82 = Instance.new("Weld")
Weld83 = Instance.new("Weld")
Weld84 = Instance.new("Weld")
Weld85 = Instance.new("Weld")
Weld86 = Instance.new("Weld")
Weld87 = Instance.new("Weld")
Weld88 = Instance.new("Weld")
Weld89 = Instance.new("Weld")
Weld90 = Instance.new("Weld")
Weld91 = Instance.new("Weld")
Weld92 = Instance.new("Weld")
Weld93 = Instance.new("Weld")
Weld94 = Instance.new("Weld")
Weld95 = Instance.new("Weld")
Weld96 = Instance.new("Weld")
Weld97 = Instance.new("Weld")
Weld98 = Instance.new("Weld")
Weld99 = Instance.new("Weld")
Weld100 = Instance.new("Weld")
Weld101 = Instance.new("Weld")
Weld102 = Instance.new("Weld")
Weld103 = Instance.new("Weld")
Weld104 = Instance.new("Weld")
Weld105 = Instance.new("Weld")
Weld106 = Instance.new("Weld")
Weld107 = Instance.new("Weld")
Weld108 = Instance.new("Weld")
Weld109 = Instance.new("Weld")
Weld110 = Instance.new("Weld")
Weld111 = Instance.new("Weld")
Weld112 = Instance.new("Weld")
Weld113 = Instance.new("Weld")
Weld114 = Instance.new("Weld")
Weld115 = Instance.new("Weld")
Weld116 = Instance.new("Weld")
Weld117 = Instance.new("Weld")
Weld118 = Instance.new("Weld")
Weld119 = Instance.new("Weld")
Weld120 = Instance.new("Weld")
Weld121 = Instance.new("Weld")
Weld122 = Instance.new("Weld")
Weld123 = Instance.new("Weld")
Weld124 = Instance.new("Weld")
Weld125 = Instance.new("Weld")
Weld126 = Instance.new("Weld")
Weld127 = Instance.new("Weld")
Weld128 = Instance.new("Weld")
Weld129 = Instance.new("Weld")
Weld130 = Instance.new("Weld")
Weld131 = Instance.new("Weld")
Weld132 = Instance.new("Weld")
Weld133 = Instance.new("Weld")
Weld134 = Instance.new("Weld")
Weld135 = Instance.new("Weld")
Weld136 = Instance.new("Weld")
Weld137 = Instance.new("Weld")
Weld138 = Instance.new("Weld")
Weld139 = Instance.new("Weld")
Weld140 = Instance.new("Weld")
Weld141 = Instance.new("Weld")
Weld142 = Instance.new("Weld")
Weld143 = Instance.new("Weld")
Weld144 = Instance.new("Weld")
Weld145 = Instance.new("Weld")
Weld146 = Instance.new("Weld")
Weld147 = Instance.new("Weld")
Weld148 = Instance.new("Weld")
Weld149 = Instance.new("Weld")
Weld150 = Instance.new("Weld")
Weld151 = Instance.new("Weld")
Weld152 = Instance.new("Weld")
Weld153 = Instance.new("Weld")
Weld154 = Instance.new("Weld")
Weld155 = Instance.new("Weld")
Weld156 = Instance.new("Weld")
Weld157 = Instance.new("Weld")
Weld158 = Instance.new("Weld")
Weld159 = Instance.new("Weld")
Weld160 = Instance.new("Weld")
Weld161 = Instance.new("Weld")
Weld162 = Instance.new("Weld")
Part163 = Instance.new("Part")
SpecialMesh164 = Instance.new("SpecialMesh")
Part165 = Instance.new("Part")
SpecialMesh166 = Instance.new("SpecialMesh")
Part167 = Instance.new("Part")
SpecialMesh168 = Instance.new("SpecialMesh")
Part169 = Instance.new("Part")
SpecialMesh170 = Instance.new("SpecialMesh")
Part171 = Instance.new("Part")
SpecialMesh172 = Instance.new("SpecialMesh")
Part173 = Instance.new("Part")
SpecialMesh174 = Instance.new("SpecialMesh")
Part175 = Instance.new("Part")
SpecialMesh176 = Instance.new("SpecialMesh")
Part177 = Instance.new("Part")
SpecialMesh178 = Instance.new("SpecialMesh")
Part179 = Instance.new("Part")
SpecialMesh180 = Instance.new("SpecialMesh")
Part181 = Instance.new("Part")
SpecialMesh182 = Instance.new("SpecialMesh")
Part183 = Instance.new("Part")
SpecialMesh184 = Instance.new("SpecialMesh")
Part185 = Instance.new("Part")
SpecialMesh186 = Instance.new("SpecialMesh")
Part187 = Instance.new("Part")
SpecialMesh188 = Instance.new("SpecialMesh")
Part189 = Instance.new("Part")
SpecialMesh190 = Instance.new("SpecialMesh")
Part191 = Instance.new("Part")
SpecialMesh192 = Instance.new("SpecialMesh")
Part193 = Instance.new("Part")
SpecialMesh194 = Instance.new("SpecialMesh")
Part195 = Instance.new("Part")
SpecialMesh196 = Instance.new("SpecialMesh")
Part197 = Instance.new("Part")
SpecialMesh198 = Instance.new("SpecialMesh")
Part199 = Instance.new("Part")
SpecialMesh200 = Instance.new("SpecialMesh")
Part201 = Instance.new("Part")
SpecialMesh202 = Instance.new("SpecialMesh")
Part203 = Instance.new("Part")
SpecialMesh204 = Instance.new("SpecialMesh")
Part205 = Instance.new("Part")
SpecialMesh206 = Instance.new("SpecialMesh")
Part207 = Instance.new("Part")
SpecialMesh208 = Instance.new("SpecialMesh")
Part209 = Instance.new("Part")
SpecialMesh210 = Instance.new("SpecialMesh")
Part211 = Instance.new("Part")
SpecialMesh212 = Instance.new("SpecialMesh")
Part213 = Instance.new("Part")
SpecialMesh214 = Instance.new("SpecialMesh")
Part215 = Instance.new("Part")
SpecialMesh216 = Instance.new("SpecialMesh")
Part217 = Instance.new("Part")
SpecialMesh218 = Instance.new("SpecialMesh")
Part219 = Instance.new("Part")
SpecialMesh220 = Instance.new("SpecialMesh")
Part221 = Instance.new("Part")
SpecialMesh222 = Instance.new("SpecialMesh")
Part223 = Instance.new("Part")
SpecialMesh224 = Instance.new("SpecialMesh")
Part225 = Instance.new("Part")
SpecialMesh226 = Instance.new("SpecialMesh")
Part227 = Instance.new("Part")
SpecialMesh228 = Instance.new("SpecialMesh")
Part229 = Instance.new("Part")
SpecialMesh230 = Instance.new("SpecialMesh")
Part231 = Instance.new("Part")
SpecialMesh232 = Instance.new("SpecialMesh")
Part233 = Instance.new("Part")
SpecialMesh234 = Instance.new("SpecialMesh")
Part235 = Instance.new("Part")
SpecialMesh236 = Instance.new("SpecialMesh")
Part237 = Instance.new("Part")
SpecialMesh238 = Instance.new("SpecialMesh")
Part239 = Instance.new("Part")
SpecialMesh240 = Instance.new("SpecialMesh")
Part241 = Instance.new("Part")
SpecialMesh242 = Instance.new("SpecialMesh")
Part243 = Instance.new("Part")
SpecialMesh244 = Instance.new("SpecialMesh")
Part245 = Instance.new("Part")
SpecialMesh246 = Instance.new("SpecialMesh")
Part247 = Instance.new("Part")
SpecialMesh248 = Instance.new("SpecialMesh")
Part249 = Instance.new("Part")
SpecialMesh250 = Instance.new("SpecialMesh")
Part251 = Instance.new("Part")
SpecialMesh252 = Instance.new("SpecialMesh")
Part253 = Instance.new("Part")
SpecialMesh254 = Instance.new("SpecialMesh")
Part255 = Instance.new("Part")
SpecialMesh256 = Instance.new("SpecialMesh")
Part257 = Instance.new("Part")
SpecialMesh258 = Instance.new("SpecialMesh")
Part259 = Instance.new("Part")
SpecialMesh260 = Instance.new("SpecialMesh")
Part261 = Instance.new("Part")
SpecialMesh262 = Instance.new("SpecialMesh")
Part263 = Instance.new("Part")
SpecialMesh264 = Instance.new("SpecialMesh")
Part265 = Instance.new("Part")
SpecialMesh266 = Instance.new("SpecialMesh")
Part267 = Instance.new("Part")
SpecialMesh268 = Instance.new("SpecialMesh")
Part269 = Instance.new("Part")
SpecialMesh270 = Instance.new("SpecialMesh")
Part271 = Instance.new("Part")
SpecialMesh272 = Instance.new("SpecialMesh")
Part273 = Instance.new("Part")
SpecialMesh274 = Instance.new("SpecialMesh")
Part275 = Instance.new("Part")
SpecialMesh276 = Instance.new("SpecialMesh")
Part277 = Instance.new("Part")
SpecialMesh278 = Instance.new("SpecialMesh")
Part279 = Instance.new("Part")
SpecialMesh280 = Instance.new("SpecialMesh")
Part281 = Instance.new("Part")
SpecialMesh282 = Instance.new("SpecialMesh")
Part283 = Instance.new("Part")
SpecialMesh284 = Instance.new("SpecialMesh")
Part285 = Instance.new("Part")
SpecialMesh286 = Instance.new("SpecialMesh")
Part287 = Instance.new("Part")
SpecialMesh288 = Instance.new("SpecialMesh")
Part289 = Instance.new("Part")
SpecialMesh290 = Instance.new("SpecialMesh")
Part291 = Instance.new("Part")
SpecialMesh292 = Instance.new("SpecialMesh")
Part293 = Instance.new("Part")
SpecialMesh294 = Instance.new("SpecialMesh")
Part295 = Instance.new("Part")
SpecialMesh296 = Instance.new("SpecialMesh")
Part297 = Instance.new("Part")
SpecialMesh298 = Instance.new("SpecialMesh")
Part299 = Instance.new("Part")
SpecialMesh300 = Instance.new("SpecialMesh")
Part301 = Instance.new("Part")
SpecialMesh302 = Instance.new("SpecialMesh")
Part303 = Instance.new("Part")
SpecialMesh304 = Instance.new("SpecialMesh")
Part305 = Instance.new("Part")
SpecialMesh306 = Instance.new("SpecialMesh")
Part307 = Instance.new("Part")
SpecialMesh308 = Instance.new("SpecialMesh")
Part309 = Instance.new("Part")
SpecialMesh310 = Instance.new("SpecialMesh")
Part311 = Instance.new("Part")
SpecialMesh312 = Instance.new("SpecialMesh")
Part313 = Instance.new("Part")
SpecialMesh314 = Instance.new("SpecialMesh")
Part315 = Instance.new("Part")
SpecialMesh316 = Instance.new("SpecialMesh")
Part317 = Instance.new("Part")
SpecialMesh318 = Instance.new("SpecialMesh")
Part319 = Instance.new("Part")
SpecialMesh320 = Instance.new("SpecialMesh")
Part321 = Instance.new("Part")
SpecialMesh322 = Instance.new("SpecialMesh")
Part323 = Instance.new("Part")
SpecialMesh324 = Instance.new("SpecialMesh")
Part325 = Instance.new("Part")
SpecialMesh326 = Instance.new("SpecialMesh")
Part327 = Instance.new("Part")
SpecialMesh328 = Instance.new("SpecialMesh")
Part329 = Instance.new("Part")
SpecialMesh330 = Instance.new("SpecialMesh")
Part331 = Instance.new("Part")
SpecialMesh332 = Instance.new("SpecialMesh")
Part333 = Instance.new("Part")
SpecialMesh334 = Instance.new("SpecialMesh")
Part335 = Instance.new("Part")
SpecialMesh336 = Instance.new("SpecialMesh")
Part337 = Instance.new("Part")
SpecialMesh338 = Instance.new("SpecialMesh")
Part339 = Instance.new("Part")
SpecialMesh340 = Instance.new("SpecialMesh")
Part341 = Instance.new("Part")
SpecialMesh342 = Instance.new("SpecialMesh")
Part343 = Instance.new("Part")
SpecialMesh344 = Instance.new("SpecialMesh")
Part345 = Instance.new("Part")
SpecialMesh346 = Instance.new("SpecialMesh")
Part347 = Instance.new("Part")
SpecialMesh348 = Instance.new("SpecialMesh")
Part349 = Instance.new("Part")
SpecialMesh350 = Instance.new("SpecialMesh")
Part351 = Instance.new("Part")
SpecialMesh352 = Instance.new("SpecialMesh")
Part353 = Instance.new("Part")
SpecialMesh354 = Instance.new("SpecialMesh")
Part355 = Instance.new("Part")
SpecialMesh356 = Instance.new("SpecialMesh")
Part357 = Instance.new("Part")
SpecialMesh358 = Instance.new("SpecialMesh")
Part359 = Instance.new("Part")
SpecialMesh360 = Instance.new("SpecialMesh")
Part361 = Instance.new("Part")
SpecialMesh362 = Instance.new("SpecialMesh")
Part363 = Instance.new("Part")
SpecialMesh364 = Instance.new("SpecialMesh")
Part365 = Instance.new("Part")
SpecialMesh366 = Instance.new("SpecialMesh")
Part367 = Instance.new("Part")
SpecialMesh368 = Instance.new("SpecialMesh")
Part369 = Instance.new("Part")
SpecialMesh370 = Instance.new("SpecialMesh")
Part371 = Instance.new("Part")
SpecialMesh372 = Instance.new("SpecialMesh")
Part373 = Instance.new("Part")
SpecialMesh374 = Instance.new("SpecialMesh")
Part375 = Instance.new("Part")
SpecialMesh376 = Instance.new("SpecialMesh")
Part377 = Instance.new("Part")
SpecialMesh378 = Instance.new("SpecialMesh")
Part379 = Instance.new("Part")
SpecialMesh380 = Instance.new("SpecialMesh")
Part381 = Instance.new("Part")
SpecialMesh382 = Instance.new("SpecialMesh")
Part383 = Instance.new("Part")
SpecialMesh384 = Instance.new("SpecialMesh")
Part385 = Instance.new("Part")
SpecialMesh386 = Instance.new("SpecialMesh")
Part387 = Instance.new("Part")
SpecialMesh388 = Instance.new("SpecialMesh")
Part389 = Instance.new("Part")
SpecialMesh390 = Instance.new("SpecialMesh")
Part391 = Instance.new("Part")
SpecialMesh392 = Instance.new("SpecialMesh")
Part393 = Instance.new("Part")
SpecialMesh394 = Instance.new("SpecialMesh")
Part395 = Instance.new("Part")
SpecialMesh396 = Instance.new("SpecialMesh")
Part397 = Instance.new("Part")
SpecialMesh398 = Instance.new("SpecialMesh")
Part399 = Instance.new("Part")
SpecialMesh400 = Instance.new("SpecialMesh")
Part401 = Instance.new("Part")
SpecialMesh402 = Instance.new("SpecialMesh")
Part403 = Instance.new("Part")
SpecialMesh404 = Instance.new("SpecialMesh")
Part405 = Instance.new("Part")
SpecialMesh406 = Instance.new("SpecialMesh")
Part407 = Instance.new("Part")
SpecialMesh408 = Instance.new("SpecialMesh")
Part409 = Instance.new("Part")
SpecialMesh410 = Instance.new("SpecialMesh")
Part411 = Instance.new("Part")
SpecialMesh412 = Instance.new("SpecialMesh")
Part413 = Instance.new("Part")
SpecialMesh414 = Instance.new("SpecialMesh")
Part415 = Instance.new("Part")
SpecialMesh416 = Instance.new("SpecialMesh")
Part417 = Instance.new("Part")
SpecialMesh418 = Instance.new("SpecialMesh")
Part419 = Instance.new("Part")
SpecialMesh420 = Instance.new("SpecialMesh")
Part421 = Instance.new("Part")
SpecialMesh422 = Instance.new("SpecialMesh")
Part423 = Instance.new("Part")
SpecialMesh424 = Instance.new("SpecialMesh")
Part425 = Instance.new("Part")
SpecialMesh426 = Instance.new("SpecialMesh")
Part427 = Instance.new("Part")
SpecialMesh428 = Instance.new("SpecialMesh")
Part429 = Instance.new("Part")
SpecialMesh430 = Instance.new("SpecialMesh")
Part431 = Instance.new("Part")
SpecialMesh432 = Instance.new("SpecialMesh")
Part433 = Instance.new("Part")
SpecialMesh434 = Instance.new("SpecialMesh")
Part435 = Instance.new("Part")
SpecialMesh436 = Instance.new("SpecialMesh")
Part437 = Instance.new("Part")
SpecialMesh438 = Instance.new("SpecialMesh")
Part439 = Instance.new("Part")
SpecialMesh440 = Instance.new("SpecialMesh")
Part441 = Instance.new("Part")
SpecialMesh442 = Instance.new("SpecialMesh")
Part443 = Instance.new("Part")
SpecialMesh444 = Instance.new("SpecialMesh")
Part445 = Instance.new("Part")
SpecialMesh446 = Instance.new("SpecialMesh")
Part447 = Instance.new("Part")
SpecialMesh448 = Instance.new("SpecialMesh")
Part449 = Instance.new("Part")
SpecialMesh450 = Instance.new("SpecialMesh")
Part451 = Instance.new("Part")
SpecialMesh452 = Instance.new("SpecialMesh")
Part453 = Instance.new("Part")
SpecialMesh454 = Instance.new("SpecialMesh")
Part455 = Instance.new("Part")
SpecialMesh456 = Instance.new("SpecialMesh")
Part457 = Instance.new("Part")
SpecialMesh458 = Instance.new("SpecialMesh")
Part459 = Instance.new("Part")
SpecialMesh460 = Instance.new("SpecialMesh")
Part461 = Instance.new("Part")
SpecialMesh462 = Instance.new("SpecialMesh")
Part463 = Instance.new("Part")
SpecialMesh464 = Instance.new("SpecialMesh")
Part465 = Instance.new("Part")
SpecialMesh466 = Instance.new("SpecialMesh")
Part467 = Instance.new("Part")
SpecialMesh468 = Instance.new("SpecialMesh")
Part469 = Instance.new("Part")
SpecialMesh470 = Instance.new("SpecialMesh")
Part471 = Instance.new("Part")
SpecialMesh472 = Instance.new("SpecialMesh")
Part473 = Instance.new("Part")
SpecialMesh474 = Instance.new("SpecialMesh")
Part475 = Instance.new("Part")
SpecialMesh476 = Instance.new("SpecialMesh")
Model0.Parent = mas
Part1.Parent = Model0
Part1.CFrame = CFrame.new(-0.612978518, 3.52787709, -14.4877329, 0.999985635, -0.00299202278, 0.00444748998, 0.00513700023, 0.297964603, -0.95456326, 0.00153088011, 0.95457232, 0.297975689)
Part1.Orientation = Vector3.new(72.659996, 0.859999955, 0.98999995)
Part1.Position = Vector3.new(-0.612978518, 3.52787709, -14.4877329)
Part1.Rotation = Vector3.new(72.659996, 0.25, 0.170000002)
Part1.Color = Color3.new(0.0666667, 0.0666667, 0.0666667)
Part1.Velocity = Vector3.new(1.29135582e-08, 0.00246586069, 1.6969787e-07)
Part1.Size = Vector3.new(0.275000006, 0.22512494, 0.42337501)
Part1.Anchored = true
Part1.BackSurface = Enum.SurfaceType.SmoothNoOutlines
Part1.BottomSurface = Enum.SurfaceType.SmoothNoOutlines
Part1.BrickColor = BrickColor.new("Really black")
Part1.CanCollide = false
Part1.FrontSurface = Enum.SurfaceType.SmoothNoOutlines
Part1.LeftSurface = Enum.SurfaceType.SmoothNoOutlines
Part1.Material = Enum.Material.Metal
Part1.RightSurface = Enum.SurfaceType.SmoothNoOutlines
Part1.RotVelocity = Vector3.new(-2.08372262e-06, 1.18487212e-14, 1.58565669e-07)
Part1.TopSurface = Enum.SurfaceType.SmoothNoOutlines
Part1.brickColor = BrickColor.new("Really black")
SpecialMesh2.Parent = Part1
SpecialMesh2.Scale = Vector3.new(0.400000006, 1, 0.5)
SpecialMesh2.MeshType = Enum.MeshType.Brick
Part3.Parent = Model0
Part3.CFrame = CFrame.new(-0.608517408, 2.57421446, -14.2038746, 0.999985635, 0.00162795268, -0.00510686403, 0.0051367972, -0.0189460143, 0.999807417, 0.00153088395, -0.999819279, -0.0189541057)
Part3.Orientation = Vector3.new(-88.8799973, -164.919998, 164.830002)
Part3.Position = Vector3.new(-0.608517408, 2.57421446, -14.2038746)
Part3.Rotation = Vector3.new(-91.0899963, -0.289999992, -0.0899999961)
Part3.Color = Color3.new(0.0666667, 0.0666667, 0.0666667)
Part3.Velocity = Vector3.new(1.6413172e-07, 0.00246645301, 2.15686623e-06)
Part3.Size = Vector3.new(0.275000006, 0.315999985, 0.303375006)
Part3.Anchored = true
Part3.BackSurface = Enum.SurfaceType.SmoothNoOutlines
Part3.BottomSurface = Enum.SurfaceType.SmoothNoOutlines
Part3.BrickColor = BrickColor.new("Really black")
Part3.CanCollide = false
Part3.FrontSurface = Enum.SurfaceType.SmoothNoOutlines
Part3.LeftSurface = Enum.SurfaceType.SmoothNoOutlines
Part3.Material = Enum.Material.Glass
Part3.RightSurface = Enum.SurfaceType.SmoothNoOutlines
Part3.RotVelocity = Vector3.new(-2.08372262e-06, 1.18487212e-14, 1.58565669e-07)
Part3.TopSurface = Enum.SurfaceType.SmoothNoOutlines
Part3.brickColor = BrickColor.new("Really black")
SpecialMesh4.Parent = Part3
SpecialMesh4.Scale = Vector3.new(0.5, 1, 0.5)
SpecialMesh4.MeshType = Enum.MeshType.Wedge
Weld5.Name = "BTWeld"
Weld5.Parent = Part3
Weld5.C1 = CFrame.new(1.78813934e-06, -0.442868233, -0.256871939, -1, 2.08499841e-07, 2.3712164e-07, -2.08849087e-07, -1.00000024, 0, 2.39566361e-07, 1.86264515e-09, 1.00000024)
Weld5.Part0 = Part3
Weld5.Part1 = Part441
Weld5.part1 = Part441
Weld6.Name = "BTWeld"
Weld6.Parent = Part3
Weld6.C1 = CFrame.new(2.8014183e-06, 0.12912178, 0.434119463, -1, -2.32830644e-10, 3.05299181e-08, 2.32830644e-10, 1.00000024, 1.80676579e-07, -3.2619937e-08, 1.76951289e-07, -1.00000024)
Weld6.Part0 = Part3
Weld6.Part1 = Part323
Weld6.part1 = Part323
Weld7.Name = "BTWeld"
Weld7.Parent = Part3
Weld7.C1 = CFrame.new(-3.09944153e-06, -0.192704201, -0.62885952, 1, 8.96397978e-08, 1.20697223e-07, -8.91741365e-08, 1.00000024, 1.78813934e-07, -1.1825432e-07, -1.78813934e-07, 1.00000024)
Weld7.Part0 = Part3
Weld7.Part1 = Part371
Weld7.part1 = Part371
Weld8.Name = "BTWeld"
Weld8.Parent = Part3
Weld8.C1 = CFrame.new(-2.86102295e-06, 0.0544996262, -0.312496185, 1, 2.32830644e-10, 1.14778231e-09, 2.32830644e-10, 1.00000024, 1.86264515e-09, 1.14778231e-09, 1.86264515e-09, 1.00000024)
Weld8.Part0 = Part3
Weld8.Part1 = Part167
Weld8.part1 = Part167
Weld9.Name = "BTWeld"
Weld9.Parent = Part3
Weld9.C1 = CFrame.new(3.63588333e-06, -2.63571262, -0.638117313, -1, 1.18976459e-07, 3.0064075e-07, -1.19325705e-07, -1.00000024, -5.96046448e-08, 3.02987246e-07, -5.77419996e-08, 1.00000024)
Weld9.Part0 = Part3
Weld9.Part1 = Part177
Weld9.part1 = Part177
Weld10.Name = "BTWeld"
Weld10.Parent = Part3
Weld10.C1 = CFrame.new(-2.98023224e-06, -0.077252388, -0.223499537, 1, 2.32830644e-10, 1.14778231e-09, 2.32830644e-10, 1.00000024, 1.86264515e-09, 1.14778231e-09, 1.86264515e-09, 1.00000024)
Weld10.Part0 = Part3
Weld10.Part1 = Part277
Weld10.part1 = Part277
Weld11.Name = "BTWeld"
Weld11.Parent = Part3
Weld11.C1 = CFrame.new(1.90734863e-06, -0.629117966, -0.531242609, -1, 1.18976459e-07, 3.0064075e-07, -1.19325705e-07, -1.00000024, -5.96046448e-08, 3.02987246e-07, -5.77419996e-08, 1.00000024)
Weld11.Part0 = Part3
Weld11.Part1 = Part427
Weld11.part1 = Part427
Weld12.Name = "BTWeld"
Weld12.Parent = Part3
Weld12.C1 = CFrame.new(3.87430191e-06, -1.56084347, -0.606865883, -1, 2.08499841e-07, 1.81222276e-07, -2.08849087e-07, -1.00000024, 0, 1.83687007e-07, 1.86264515e-09, 1.00000024)
Weld12.Part0 = Part3
Weld12.Part1 = Part209
Weld12.part1 = Part209
Weld13.Name = "BTWeld"
Weld13.Parent = Part3
Weld13.C1 = CFrame.new(-1.66893005e-06, -0.394741058, 0.453120232, 1, -1.19092874e-07, -2.68964868e-07, -1.19325705e-07, -1.00000024, -5.96046448e-08, -2.71322278e-07, 5.77419996e-08, -1.00000024)
Weld13.Part0 = Part3
Weld13.Part1 = Part265
Weld13.part1 = Part265
Weld14.Name = "BTWeld"
Weld14.Parent = Part3
Weld14.C1 = CFrame.new(-3.51667404e-06, -3.62178516, 0.128079414, 1, 2.32830644e-10, -2.82076144e-07, 4.92436811e-08, -0.984807968, 0.173648342, -2.7945498e-07, -0.173648342, -0.984807968)
Weld14.Part0 = Part3
Weld14.Part1 = Part445
Weld14.part1 = Part445
Weld15.Name = "BTWeld"
Weld15.Parent = Part3
Weld15.C1 = CFrame.new(1.7285347e-06, -0.568753242, -0.743589878, -1, 1.18976459e-07, 3.28123861e-07, -1.1944212e-07, -1.00000024, -8.94069672e-08, 3.30041075e-07, -8.7544322e-08, 1.00000024)
Weld15.Part0 = Part3
Weld15.Part1 = Part175
Weld15.part1 = Part175
Weld16.Name = "BTWeld"
Weld16.Parent = Part3
Weld16.C1 = CFrame.new(-0.568752289, -0.0312482715, 1.24358273, -5.98374754e-08, -1.00000024, 0, -1, 5.93718141e-08, 3.27925591e-07, -3.30370312e-07, -1.86264515e-09, -1.00000024)
Weld16.Part0 = Part3
Weld16.Part1 = Part433
Weld16.part1 = Part433
Weld17.Name = "BTWeld"
Weld17.Parent = Part3
Weld17.C1 = CFrame.new(1.7285347e-06, -0.568753242, -0.743589878, -1, 1.18976459e-07, 3.28123861e-07, -1.1944212e-07, -1.00000024, -8.94069672e-08, 3.30041075e-07, -8.7544322e-08, 1.00000024)
Weld17.Part0 = Part3
Weld17.Part1 = Part417
Weld17.part1 = Part417
Weld18.Name = "BTWeld"
Weld18.Parent = Part3
Weld18.C1 = CFrame.new(-3.09944153e-06, -0.364574432, -0.628859282, 1, 8.96397978e-08, 1.20697223e-07, -8.91741365e-08, 1.00000024, 1.78813934e-07, -1.1825432e-07, -1.78813934e-07, 1.00000024)
Weld18.Part0 = Part3
Weld18.Part1 = Part295
Weld18.part1 = Part295
Weld19.Name = "BTWeld"
Weld19.Parent = Part3
Weld19.C1 = CFrame.new(3.93390656e-06, -3.33387375, 1.42912102, -1, 2.08499841e-07, 7.08205334e-08, -1.35507435e-07, -0.838670611, 0.544639409, 1.75263267e-07, 0.544639468, 0.838670611)
Weld19.Part0 = Part3
Weld19.Part1 = Part165
Weld19.part1 = Part165
Weld20.Name = "BTWeld"
Weld20.Parent = Part3
Weld20.C1 = CFrame.new(1.78813934e-07, -3.38045502, 0.755048752, 1, 2.32830644e-10, -2.6903399e-07, -2.32830644e-10, -1.00000024, 8.7544322e-08, -2.71093086e-07, -9.12696123e-08, -1.00000024)
Weld20.Part0 = Part3
Weld20.Part1 = Part315
Weld20.part1 = Part315
Weld21.Name = "BTWeld"
Weld21.Parent = Part3
Weld21.C1 = CFrame.new(0.522247314, -0.031253159, 0.449784279, 2.578774e-06, -0.500000775, -0.866025329, 1, 2.96742655e-06, 1.26622399e-06, 1.93726737e-06, -0.866025329, 0.500000715)
Weld21.Part0 = Part3
Weld21.Part1 = Part457
Weld21.part1 = Part457
Weld22.Name = "BTWeld"
Weld22.Parent = Part3
Weld22.C1 = CFrame.new(-3.03983688e-06, -0.26757431, -0.628857851, 1, 8.96397978e-08, 1.20697223e-07, -8.91741365e-08, 1.00000024, 1.78813934e-07, -1.1825432e-07, -1.78813934e-07, 1.00000024)
Weld22.Part0 = Part3
Weld22.Part1 = Part363
Weld22.part1 = Part363
Weld23.Name = "BTWeld"
Weld23.Parent = Part3
Weld23.C1 = CFrame.new(-3.03983688e-06, 0.579193592, -0.519788742, 1, 2.08732672e-07, 7.35781214e-08, -9.66247171e-08, 0.707106471, -0.707107365, -1.97673216e-07, 0.707107365, 0.707106471)
Weld23.Part0 = Part3
Weld23.Part1 = Part429
Weld23.part1 = Part429
Weld24.Name = "BTWeld"
Weld24.Parent = Part3
Weld24.C1 = CFrame.new(3.57627869e-06, -2.7432127, -0.596743584, -1, 1.18976459e-07, 3.0064075e-07, -1.19325705e-07, -1.00000024, -5.96046448e-08, 3.02987246e-07, -5.77419996e-08, 1.00000024)
Weld24.Part0 = Part3
Weld24.Part1 = Part253
Weld24.part1 = Part253
Weld25.Name = "BTWeld"
Weld25.Parent = Part3
Weld25.C1 = CFrame.new(-5.96046448e-08, -0.0365514755, -0.0244483948, -1, 2.08383426e-07, 3.34477591e-07, -3.4889672e-07, -0.866025686, -0.49999994, 1.87254045e-07, -0.499999881, 0.866025686)
Weld25.Part0 = Part3
Weld25.Part1 = Part383
Weld25.part1 = Part383
Weld26.Name = "BTWeld"
Weld26.Parent = Part3
Weld26.C1 = CFrame.new(0.0437097549, -0.0312481523, 1.49426508, -1.02329068e-07, -0.707107306, -0.707106531, -1, -1.1047814e-07, 2.52499376e-07, -2.57976353e-07, 0.70710659, -0.707107306)
Weld26.Part0 = Part3
Weld26.Part1 = Part289
Weld26.part1 = Part289
Weld27.Name = "BTWeld"
Weld27.Parent = Part3
Weld27.C1 = CFrame.new(-0.390325546, -0.0312492251, 0.188101292, 1.53668225e-07, 0.866025686, 0.5, -1, 1.49011612e-07, 4.73319233e-08, -3.19560058e-08, -0.49999994, 0.866025686)
Weld27.Part0 = Part3
Weld27.Part1 = Part465
Weld27.part1 = Part465
Weld28.Name = "BTWeld"
Weld28.Parent = Part3
Weld28.C1 = CFrame.new(3.69548798e-06, 1.39622211, 0.606865406, -1, -8.95233825e-08, 3.02316039e-08, -8.91741365e-08, 1.00000024, -8.94069672e-08, -3.26745067e-08, -9.12696123e-08, -1.00000024)
Weld28.Part0 = Part3
Weld28.Part1 = Part325
Weld28.part1 = Part325
Weld29.Name = "BTWeld"
Weld29.Parent = Part3
Weld29.C1 = CFrame.new(-3.03983688e-06, -0.0283536911, -0.593729019, 1, 8.95233825e-08, 4.61641321e-08, -6.54254109e-08, 0.923879802, -0.382683307, -7.52625056e-08, 0.382683337, 0.923879921)
Weld29.Part0 = Part3
Weld29.Part1 = Part435
Weld29.part1 = Part435
Weld30.Name = "BTWeld"
Weld30.Parent = Part3
Weld30.C1 = CFrame.new(-2.98023224e-06, 0.0857448578, -0.331493855, 1, 2.32830644e-10, 1.14778231e-09, 2.32830644e-10, 1.00000024, 1.86264515e-09, 1.14778231e-09, 1.86264515e-09, 1.00000024)
Weld30.Part0 = Part3
Weld30.Part1 = Part297
Weld30.part1 = Part297
Weld31.Name = "BTWeld"
Weld31.Parent = Part3
Weld31.C1 = CFrame.new(2.98023224e-06, 0.0857439041, 0.434119463, -1, -2.32830644e-10, -8.87230271e-08, 2.32830644e-10, 1.00000024, 1.86264515e-09, 8.63965397e-08, -1.86264515e-09, -1.00000024)
Weld31.Part0 = Part3
Weld31.Part1 = Part403
Weld31.part1 = Part403
Weld32.Name = "BTWeld"
Weld32.Parent = Part3
Weld32.C1 = CFrame.new(3.69548798e-06, -1.12822342, -0.591116667, -1, 1.18976459e-07, 3.0064075e-07, -1.19325705e-07, -1.00000024, -5.96046448e-08, 3.02987246e-07, -5.77419996e-08, 1.00000024)
Weld32.Part0 = Part3
Weld32.Part1 = Part317
Weld32.part1 = Part317
Weld33.Name = "BTWeld"
Weld33.Parent = Part3
Weld33.C1 = CFrame.new(-3.57627869e-06, 1.17320824, 0.736830235, 1, -1.19092874e-07, 2.04781827e-07, -1.19325705e-07, -1.00000024, 2.68220901e-07, 2.03222953e-07, -2.68220901e-07, -1.00000024)
Weld33.Part0 = Part3
Weld33.Part1 = Part171
Weld33.part1 = Part171
Weld34.Name = "BTWeld"
Weld34.Parent = Part3
Weld34.C1 = CFrame.new(3.51667404e-06, -2.70561504, -1.06026649, -1, 1.18976459e-07, 3.69582267e-07, -1.82189979e-07, -0.984807968, -0.173648283, 3.45506123e-07, -0.173648298, 0.984807968)
Weld34.Part0 = Part3
Weld34.Part1 = Part251
Weld34.part1 = Part251
Weld35.Name = "BTWeld"
Weld35.Parent = Part3
Weld35.C1 = CFrame.new(0.568753242, -0.0312516689, 1.24358273, 1.1944212e-07, 1.00000024, 0, 1, -1.18976459e-07, -3.28123861e-07, -3.30370312e-07, -1.86264515e-09, -1.00000024)
Weld35.Part0 = Part3
Weld35.Part1 = Part443
Weld35.part1 = Part443
Weld36.Name = "BTWeld"
Weld36.Parent = Part3
Weld36.C1 = CFrame.new(-0.00166904926, -3.09995842, -0.665301085, -1, -2.32830644e-10, 6.22057996e-08, -1.16415322e-10, -1.00000024, -6.14672899e-08, 6.45686669e-08, -5.77419996e-08, 1.00000024)
Weld36.Part0 = Part3
Weld36.Part1 = Part243
Weld36.part1 = Part243
Weld37.Name = "BTWeld"
Weld37.Parent = Part3
Weld37.C1 = CFrame.new(-1.3257277, -0.0312492847, 5.10531425, 9.66574589e-08, 0.0174533594, 0.999847949, -1, 2.08499841e-07, 9.1315087e-08, -2.07335688e-07, -0.999847949, 0.0174533576)
Weld37.Part0 = Part3
Weld37.Part1 = Part191
Weld37.part1 = Part191
Weld38.Name = "BTWeld"
Weld38.Parent = Part3
Weld38.C1 = CFrame.new(2.98023224e-06, -0.520121574, 0.565322638, -1, 2.08499841e-07, -1.4426405e-08, 1.87777914e-07, 0.923879921, 0.382683069, 9.12114047e-08, 0.382683039, -0.923879921)
Weld38.Part0 = Part3
Weld38.Part1 = Part459
Weld38.part1 = Part459
Weld39.Name = "BTWeld"
Weld39.Parent = Part3
Weld39.C1 = CFrame.new(-2.44379044e-06, 1.62276363, -0.980819702, 1, -3.87430191e-07, 3.99177225e-08, -1.89582352e-07, -0.569997728, -0.821646571, 3.3993274e-07, 0.821646512, -0.569997668)
Weld39.Part0 = Part3
Weld39.Part1 = Part327
Weld39.part1 = Part327
Weld40.Name = "BTWeld"
Weld40.Parent = Part3
Weld40.C1 = CFrame.new(3.69548798e-06, -1.7807188, -0.638116598, -1, 1.18976459e-07, 3.0064075e-07, -1.19325705e-07, -1.00000024, -5.96046448e-08, 3.02987246e-07, -5.77419996e-08, 1.00000024)
Weld40.Part0 = Part3
Weld40.Part1 = Part229
Weld40.part1 = Part229
Weld41.Name = "BTWeld"
Weld41.Parent = Part3
Weld41.C1 = CFrame.new(-2.98023224e-06, -0.170754433, -0.381493092, 1, 2.32830644e-10, 1.14778231e-09, 2.32830644e-10, 1.00000024, 1.86264515e-09, 1.14778231e-09, 1.86264515e-09, 1.00000024)
Weld41.Part0 = Part3
Weld41.Part1 = Part469
Weld41.part1 = Part469
Weld42.Name = "BTWeld"
Weld42.Parent = Part3
Weld42.C1 = CFrame.new(1.7285347e-06, -0.568753242, -0.743589878, -1, 1.18976459e-07, 3.28123861e-07, -1.1944212e-07, -1.00000024, -8.94069672e-08, 3.30041075e-07, -8.7544322e-08, 1.00000024)
Weld42.Part0 = Part3
Weld42.Part1 = Part169
Weld42.part1 = Part169
Weld43.Name = "BTWeld"
Weld43.Parent = Part3
Weld43.C1 = CFrame.new(1.84774399e-06, -0.227245331, -0.390619993, -1, 1.18976459e-07, 3.56074452e-07, -1.19325705e-07, -1.00000024, -5.96046448e-08, 3.58400939e-07, -5.77419996e-08, 1.00000024)
Weld43.Part0 = Part3
Weld43.Part1 = Part463
Weld43.part1 = Part463
Weld44.Name = "BTWeld"
Weld44.Parent = Part3
Weld44.C1 = CFrame.new(-1.84774399e-06, 0.916108131, -0.790865183, 1, -5.93718141e-08, 2.56368367e-08, 5.97210601e-08, 1.00000024, 5.96046448e-08, -2.29756552e-08, -5.77419996e-08, 1.00000024)
Weld44.Part0 = Part3
Weld44.Part1 = Part411
Weld44.part1 = Part411
Weld45.Name = "BTWeld"
Weld45.Parent = Part3
Weld45.C1 = CFrame.new(3.75509262e-06, -2.08321857, -0.731868029, -1, 1.18976459e-07, 3.0064075e-07, -1.19325705e-07, -1.00000024, -5.96046448e-08, 3.02987246e-07, -5.77419996e-08, 1.00000024)
Weld45.Part0 = Part3
Weld45.Part1 = Part475
Weld45.part1 = Part475
Weld46.Name = "BTWeld"
Weld46.Parent = Part3
Weld46.C1 = CFrame.new(0.00166875124, 3.12339592, -0.606613398, 1, -1.18976459e-07, -6.2136678e-08, 1.1944212e-07, 1.00000024, -8.94069672e-08, 6.48051355e-08, 9.12696123e-08, 1.00000024)
Weld46.Part0 = Part3
Weld46.Part1 = Part473
Weld46.part1 = Part473
Weld47.Name = "BTWeld"
Weld47.Parent = Part3
Weld47.C1 = CFrame.new(-0.246384621, -0.03125, 0.315700531, 8.35862011e-08, -0.965926051, 0.258819014, 1, 6.17001206e-08, -9.08512447e-08, 7.39237294e-08, 0.258818984, 0.965926111)
Weld47.Part0 = Part3
Weld47.Part1 = Part355
Weld47.part1 = Part355
Weld48.Name = "BTWeld"
Weld48.Parent = Part3
Weld48.C1 = CFrame.new(2.74181366e-06, 0.908480644, 0.621105194, -1, 3.87430191e-07, -2.68737494e-08, -1.25437509e-07, -0.382683992, -0.923879504, -3.67756002e-07, -0.923879564, 0.382684022)
Weld48.Part0 = Part3
Weld48.Part1 = Part341
Weld48.part1 = Part341
Weld49.Name = "BTWeld"
Weld49.Parent = Part3
Weld49.C1 = CFrame.new(1.96695328e-06, -0.43809557, 0.254676819, -1, 2.08499841e-07, 8.61909939e-08, -8.48667696e-08, -0.707106531, 0.707107365, 2.10478902e-07, 0.707107365, 0.707106471)
Weld49.Part0 = Part3
Weld49.Part1 = Part269
Weld49.part1 = Part269
Weld50.Name = "BTWeld"
Weld50.Parent = Part3
Weld50.C1 = CFrame.new(1.32572746, -0.0312505364, 5.10531616, -1.84201781e-07, -0.0174533594, -0.999847949, 1, -2.08499841e-07, -1.78890332e-07, -2.05705874e-07, -0.999847949, 0.0174533576)
Weld50.Part0 = Part3
Weld50.Part1 = Part379
Weld50.part1 = Part379
Weld51.Name = "BTWeld"
Weld51.Parent = Part3
Weld51.C1 = CFrame.new(1.7285347e-06, -0.242359161, -0.146375895, -1, 2.08499841e-07, 2.3712164e-07, -2.08849087e-07, -1.00000024, 0, 2.39566361e-07, 1.86264515e-09, 1.00000024)
Weld51.Part0 = Part3
Weld51.Part1 = Part455
Weld51.part1 = Part455
Weld52.Name = "BTWeld"
Weld52.Parent = Part3
Weld52.C1 = CFrame.new(-3.03983688e-06, -0.143110275, -0.641388893, 1, 8.95233825e-08, 7.0387614e-08, -6.88014552e-08, 0.96592617, -0.258818775, -8.91450327e-08, 0.258818746, 0.96592623)
Weld52.Part0 = Part3
Weld52.Part1 = Part453
Weld52.part1 = Part453
Weld53.Name = "BTWeld"
Weld53.Parent = Part3
Weld53.C1 = CFrame.new(1.84774399e-06, -0.316618919, -0.362743855, -1, 1.18976459e-07, 3.56074452e-07, -1.19325705e-07, -1.00000024, -5.96046448e-08, 3.58400939e-07, -5.77419996e-08, 1.00000024)
Weld53.Part0 = Part3
Weld53.Part1 = Part425
Weld53.part1 = Part425
Weld54.Name = "BTWeld"
Weld54.Parent = Part3
Weld54.C1 = CFrame.new(-2.44379044e-06, 3.96811485, 0.642149091, 1, -2.08499841e-07, 1.92838343e-07, -1.85798854e-07, -0.993572116, -0.113202929, 2.13360181e-07, 0.113202937, -0.993572235)
Weld54.Part0 = Part3
Weld54.Part1 = Part241
Weld54.part1 = Part241
Weld55.Name = "BTWeld"
Weld55.Parent = Part3
Weld55.C1 = CFrame.new(-2.08616257e-06, 0.207164764, -0.535107613, 1, 2.08732672e-07, 7.35781214e-08, -2.08383426e-07, 1.00000024, 1.78813934e-07, -7.12225301e-08, -1.76951289e-07, 1.00000024)
Weld55.Part0 = Part3
Weld55.Part1 = Part321
Weld55.part1 = Part321
Weld56.Name = "BTWeld"
Weld56.Parent = Part3
Weld56.C1 = CFrame.new(0.3903265, -0.0312507153, 0.188101292, -2.43075192e-07, -0.866025627, -0.5, 1, -2.29571015e-07, -8.65911716e-08, -3.80096026e-08, -0.49999994, 0.866025686)
Weld56.Part0 = Part3
Weld56.Part1 = Part449
Weld56.part1 = Part449
Weld57.Name = "BTWeld"
Weld57.Parent = Part3
Weld57.C1 = CFrame.new(4.0832634, -0.0312500596, 2.68361759, -3.40398401e-07, -0.719340265, -0.694658279, 1, -3.15834768e-07, -1.60429408e-07, -1.03143975e-07, -0.694658279, 0.719340265)
Weld57.Part0 = Part3
Weld57.Part1 = Part261
Weld57.part1 = Part261
Weld58.Name = "BTWeld"
Weld58.Parent = Part3
Weld58.C1 = CFrame.new(3.87430191e-06, -2.97136497, -1.32431102, -1, 1.19092874e-07, 2.00954673e-07, -1.67870894e-07, -0.965925992, -0.258819073, 1.64814992e-07, -0.258819073, 0.965926111)
Weld58.Part0 = Part3
Weld58.Part1 = Part367
Weld58.part1 = Part367
Weld59.Name = "BTWeld"
Weld59.Parent = Part3
Weld59.C1 = CFrame.new(-3.21865082e-06, -0.0555143356, 0.74919796, 1, 2.08732672e-07, 1.05254003e-07, 7.4505806e-08, -0.707106292, 0.707107484, 2.20257789e-07, -0.707107544, -0.707106352)
Weld59.Part0 = Part3
Weld59.Part1 = Part179
Weld59.part1 = Part179
Weld60.Name = "BTWeld"
Weld60.Parent = Part3
Weld60.C1 = CFrame.new(0.854812145, -0.0312569141, 0.683163643, -7.71833584e-08, 0.707106531, -0.707107306, 1, 1.8987339e-07, 8.20728019e-08, 1.90921128e-07, -0.707107365, -0.707106531)
Weld60.Part0 = Part3
Weld60.Part1 = Part437
Weld60.part1 = Part437
Weld61.Name = "BTWeld"
Weld61.Parent = Part3
Weld61.C1 = CFrame.new(1.84774399e-06, -0.363491058, -0.331495762, -1, 1.18976459e-07, 3.56074452e-07, -1.19325705e-07, -1.00000024, -5.96046448e-08, 3.58400939e-07, -5.77419996e-08, 1.00000024)
Weld61.Part0 = Part3
Weld61.Part1 = Part365
Weld61.part1 = Part365
Weld62.Name = "BTWeld"
Weld62.Parent = Part3
Weld62.C1 = CFrame.new(-5.96046448e-08, -0.251069069, 0.0857863426, -1, 2.08499841e-07, 1.84947567e-07, -1.53202564e-07, -0.965926051, 0.258819163, 2.35246262e-07, 0.258819163, 0.96592617)
