--[[
Smug
]]
local chat = function(MSG)
	game:GetService("ReplicatedStorage").DefaultChatSystemChatEvents.SayMessageRequest:FireServer(MSG, "All")
end
local TweenService = game:GetService("TweenService")
local MakeTween = function(timetack,easingstyle,easingdirection,repeats,flipflop)
	local newtween = TweenInfo.new(
		timetack, 
		easingstyle, 
		easingdirection, 
		repeats, 
		flipflop, 
		0 
	)
	return newtween
end
local mouse = game.Players.LocalPlayer:GetMouse()
HumanDied = false
local CountFESync = 1
local TextFunc = function(FunneeText)
	function sandbox(var,func)
		local env = getfenv(func)
		local newenv = setmetatable({},{
			__index = function(self,k)
				if k=="script" then
					return var
				else
					return env[k]
				end
			end,
		})
		setfenv(func,newenv)
		return func
	end
	cors = {}
	mas = Instance.new("Model",game:GetService("Lighting"))
	ScreenGui0 = Instance.new("ScreenGui")
	Frame1 = Instance.new("Frame")
	TextLabel2 = Instance.new("TextLabel")
	ScreenGui0.Name = "SmugMessageLOL"
	ScreenGui0.Parent = mas
	ScreenGui0.ZIndexBehavior = Enum.ZIndexBehavior.Sibling
	Frame1.Name = "frem"
	Frame1.Parent = ScreenGui0
	Frame1.Position = UDim2.new(0.349999994, 0, 0, 0)
	Frame1.Size = UDim2.new(0.300000012, 0, 0.200000003, 0)
	Frame1.BackgroundColor = BrickColor.new("Dark grey metallic")
	Frame1.BackgroundColor3 = Color3.new(0.333333, 0.333333, 0.333333)
	Frame1.BackgroundTransparency = 0.30000001192093
	TextLabel2.Parent = Frame1
	TextLabel2.Size = UDim2.new(1, 0, 1, 0)
	TextLabel2.BackgroundColor = BrickColor.new("Institutional white")
	TextLabel2.BackgroundColor3 = Color3.new(1, 1, 1)
	TextLabel2.BackgroundTransparency = 1
	TextLabel2.Font = Enum.Font.Cartoon
	TextLabel2.FontSize = Enum.FontSize.Size14
	TextLabel2.Text = ""
	TextLabel2.TextColor = BrickColor.new("Really red")
	TextLabel2.TextColor3 = Color3.new(1, 0, 0.0156863)
	TextLabel2.TextScaled = true
	TextLabel2.TextSize = 14
	TextLabel2.TextStrokeTransparency = 0
	TextLabel2.TextWrap = true
	TextLabel2.TextWrapped = true
	TextLabel2.TextXAlignment = Enum.TextXAlignment.Left
	TextLabel2.TextYAlignment = Enum.TextYAlignment.Top
	for i,v in pairs(mas:GetChildren()) do
		v.Parent = script
		pcall(function() v:MakeJoints() end)
	end
	mas:Destroy()
	for i,v in pairs(cors) do
		spawn(function()
			pcall(v)
		end)
	end
	spawn(function()
		local text = TextLabel2
		local add = 10
		local k = 1
		while k <= 255 do
			text.TextColor3 = Color3.new(k/255,0/255,0/255)
			k = k + add
			wait()
		end
		while true do
			k = 1
			while k <= 255 do
				text.TextColor3 = Color3.new(255/255,k/255,0/255)
				k = k + add
				wait()
			end
			k = 1
			while k <= 255 do
				text.TextColor3 = Color3.new(255/255 - k/255,255/255,0/255)
				k = k + add
				wait()
			end
			k = 1
			while k <= 255 do
				text.TextColor3 = Color3.new(0/255,255/255,k/255)
				k = k + add
				wait()
			end
			k = 1
			while k <= 255 do
				text.TextColor3 = Color3.new(0/255,255/255 - k/255,255/255)
				k = k + add
				wait()
			end
			k = 1
			while k <= 255 do
				text.TextColor3 = Color3.new(k/255,0/255,255/255)
				k = k + add
				wait()
			end
			k = 1
			while k <= 255 do
				text.TextColor3 = Color3.new(255/255,0/255,255/255 - k/255)
				k = k + add
				wait()
			end
			while k <= 255 do
				text.TextColor3 = Color3.new(255/255 - k/255,0/255,0/255)
				k = k + add
				wait()
			end
		end
	end)
	ScreenGui0.Parent = game.Players.LocalPlayer.PlayerGui
	for i=1, string.len(FunneeText) do
		wait(0.004)
		TextLabel2.Text = TextLabel2.Text..string.sub(FunneeText,i,i)
	end
	wait(1)
	local twen = MakeTween(3,Enum.EasingStyle.Cubic,Enum.EasingDirection.Out,0,false)
	local tween = TweenService:Create(Frame1, twen, {Position = UDim2.new(2, 0, 0, 0) , Rotation = 600})
	tween:Play()
	wait(3)
	ScreenGui0:Destroy()
	return 
end
function FESync(Part0,Part1,Position,Angle)
	local AlignPos = Instance.new('AlignPosition', Part0)
	AlignPos.ApplyAtCenterOfMass = true;
	AlignPos.MaxForce = 5772000--67752;
	AlignPos.MaxVelocity = math.huge/9e110;
	AlignPos.ReactionForceEnabled = false;
	AlignPos.Responsiveness = 200;
	AlignPos.RigidityEnabled = false;
	local AlignOri = Instance.new('AlignOrientation', Part0)
	AlignOri.MaxAngularVelocity = math.huge/9e110;
	AlignOri.MaxTorque = 5772000
	AlignOri.PrimaryAxisOnly = false;
	AlignOri.ReactionTorqueEnabled = false;
	AlignOri.Responsiveness = 200;
	AlignOri.RigidityEnabled = false;
	local AttachmentA=Instance.new('Attachment',Part1)
	local AttachmentB=Instance.new('Attachment',Part0)
	AttachmentA.Orientation = Angle or Vector3.new(0,0,0)
	AttachmentA.Position = Position or Vector3.new(0,0,0)
	AlignPos.Attachment1 = AttachmentA;
	AlignPos.Attachment0 = AttachmentB;
	AlignOri.Attachment1 = AttachmentA;
	AlignOri.Attachment0 = AttachmentB;
	CountFESync = CountFESync + 1
	return {AlignPos,AlignOri,AttachmentA,AttachmentB}
end

if game.Players.LocalPlayer.Character:FindFirstChildWhichIsA("Humanoid").RigType == Enum.HumanoidRigType.R15 then
	local text = TextFunc("Bruh moment :Flushed:") 
	local yes = TextFunc("You arent using R6 so this script literally wont work..")
	script:Destroy()
end
game:FindFirstChildOfClass("Players").LocalPlayer["Character"].Archivable = true
local hatnameclone = {}
for _,v in next, game:FindFirstChildOfClass("Players").LocalPlayer["Character"]:GetChildren() do
	if v:IsA("Accessory") then
		if hatnameclone[v.Name] then
			if hatnameclone[v.Name] == "s" then
				hatnameclone[v.Name] = {}
			end
			table.insert(hatnameclone[v.Name],v)
		else
			hatnameclone[v.Name] = "s"
		end
	end
end
for _,v in pairs(hatnameclone) do
	if type(v) == "table" then
		local num = 1
		for _,w in pairs(v) do
			w.Name = w.Name..num
			num = num + 1
		end
	end
end
hatnameclone = nil

local DeadChar = game:FindFirstChildOfClass("Players").LocalPlayer.Character

local fldr = Instance.new("Folder",game:FindFirstChildOfClass("Players").LocalPlayer["Character"])
fldr.Name = "FEClone"
local CloneChar = DeadChar:Clone()
local ANIMATIONHERE
if CloneChar:FindFirstChild("Animate") then
	ANIMATIONHERE = CloneChar:FindFirstChild("Animate"):Clone()
	CloneChar:FindFirstChild("Animate"):Destroy()
end
if CloneChar:FindFirstChildOfClass("Folder") then CloneChar:FindFirstChildOfClass("Folder"):Destroy() end
if CloneChar.Torso:FindFirstChild("Neck") then
	local Clonessss = CloneChar.Torso:FindFirstChild("Neck"):Clone()
	Clonessss.Part0 = nil
	Clonessss.Part1 = DeadChar.Head
	Clonessss.Parent = DeadChar.Torso
end
CloneChar.Parent = fldr
CloneChar.HumanoidRootPart.CFrame = DeadChar.HumanoidRootPart.CFrame
CloneChar.Humanoid.BreakJointsOnDeath = false
CloneChar.Name = "non"
CloneChar.Humanoid.DisplayDistanceType = "None"

for _,v in next, DeadChar:GetChildren() do
	if v:IsA("Accessory") then
		local topacc = false
		if v.Handle:FindFirstChildOfClass("Weld") then v.Handle:FindFirstChildOfClass("Weld"):Destroy() end
		v.Handle.Massless = true
		v.Handle.CanCollide = false
		if v.Handle:FindFirstChildOfClass("Attachment") then
			local ath__ = v.Handle:FindFirstChildOfClass("Attachment")
			if ath__.Name == "HatAttachment" or ath__.Name == "HairAttachment" or ath__.Name == "FaceFrontAttachment" or ath__.Name == "FaceCenterAttachment" then
				topacc = ath__.Name
			end
		end
		local bv = Instance.new("BodyVelocity",v.Handle)
		bv.Velocity = Vector3.new(0,0,0)
		coroutine.wrap(function()
			if topacc then
				local allthings = FESync(v.Handle,DeadChar.Torso,Vector3.new(0,1.5,0)+ (DeadChar.Head[topacc].Position + (v.Handle[topacc].Position*-1)),Vector3.new(0,0,0))
				local normaltop = allthings[1].Attachment1
				local alipos = allthings[1]
				local alirot = allthings[2]
				local p0 = v.Handle
				local p1 = DeadChar.Head
				alipos.Parent = CloneChar:FindFirstChild(v.Name).Handle
				alirot.Parent = CloneChar:FindFirstChild(v.Name).Handle
				while true do
					game:GetService("RunService").RenderStepped:wait()
					if HumanDied then break end
					coroutine.wrap(function()
						if alipos.Attachment1 == normaltop then
							p0.CFrame = p0.CFrame:lerp((((DeadChar.Torso.CFrame * CFrame.new(0,1.5,0)) * p1[topacc].CFrame) * p0[topacc].CFrame:inverse()),1)
						else
							v.Handle.CFrame = v.Handle.CFrame:lerp(alipos.Attachment1.Parent.CFrame * CFrame.new(alipos.Attachment1.Position) * CFrame.Angles(math.rad(alipos.Attachment1.Rotation.X),math.rad(alipos.Attachment1.Rotation.Y),math.rad(alipos.Attachment1.Rotation.Z)),1)
						end
					end)()
				end
			else
				FESync(v.Handle,CloneChar[v.Name].Handle,Vector3.new(0,0,0),Vector3.new(0,0,0))
			end
		end)()
	end
end

local a = DeadChar.Torso
local b = DeadChar.HumanoidRootPart
local c = DeadChar.Humanoid
a.Parent = game:FindFirstChildOfClass("Workspace")
c.Parent = game:FindFirstChildOfClass("Workspace")
local told = a:Clone()
local told1 = c:Clone()
b["RootJoint"].Part0 = told
b["RootJoint"].Part1 = DeadChar.Head
a.Name = "torso"
a.Neck:Destroy()
c.Name = "Mizt Hub Best"
told.Parent = DeadChar
told1.Parent = DeadChar
DeadChar.PrimaryPart = told
told1.Health = 0
b:Destroy()
a.Parent = DeadChar
c.Parent = DeadChar
told:Destroy()
told1:Destroy()
a.Name = "Torso"

if CloneChar.Head:FindFirstChildOfClass("Decal") then CloneChar.Head:FindFirstChildOfClass("Decal").Transparency = 1 end
if DeadChar:FindFirstChild("Animate") then DeadChar:FindFirstChild("Animate"):Destroy() end

local Collider
function UnCollide()
	if HumanDied then Collider:Disconnect(); return end
    --[[for _,Parts in next, CloneChar:GetChildren() do
        if Parts:IsA("BasePart") then
            Parts.CanCollide = false 
        end 
    end]]
	for _,Parts in next, DeadChar:GetChildren() do
		if Parts:IsA("BasePart") then
			Parts.CanCollide = false
		end 
	end 
end
Collider = game:GetService("RunService").Stepped:Connect(UnCollide)

local resetBindable = Instance.new("BindableEvent")
resetBindable.Event:connect(function()
	game:GetService("StarterGui"):SetCore("ResetButtonCallback", true)
	resetBindable:Destroy()
	HumanDied = true
	pcall(function()
		game:FindFirstChildOfClass("Players").LocalPlayer.Character = DeadChar
		DeadChar.Head:Destroy()
		DeadChar:FindFirstChildOfClass("Humanoid"):Destroy()
		game:FindFirstChildOfClass("Players").LocalPlayer.Character = CloneChar
		if DeadChar:FindFirstChildOfClass("Folder") then DeadChar:FindFirstChildOfClass("Folder"):Destroy() end
	end)
end)
game:GetService("StarterGui"):SetCore("ResetButtonCallback", resetBindable)

coroutine.wrap(function()
	while true do
		game:GetService("RunService").RenderStepped:wait()
		if not CloneChar or not CloneChar:FindFirstChild("Head") or not CloneChar:FindFirstChildOfClass("Humanoid") or CloneChar:FindFirstChildOfClass("Humanoid").Health <= 0 and not DeadChar or not DeadChar:FindFirstChild("Head") or not DeadChar:FindFirstChildOfClass("Humanoid") or DeadChar:FindFirstChildOfClass("Humanoid").Health <= 0 then 
			HumanDied = true
			pcall(function()
				game:FindFirstChildOfClass("Players").LocalPlayer.Character = DeadChar
				DeadChar.Head:Destroy()
				DeadChar:FindFirstChildOfClass("Humanoid"):Destroy()
				game:FindFirstChildOfClass("Players").LocalPlayer.Character = CloneChar
				if DeadChar:FindFirstChildOfClass("Folder") then DeadChar:FindFirstChildOfClass("Folder"):Destroy() end
			end)
			if resetBindable then
				game:GetService("StarterGui"):SetCore("ResetButtonCallback", true)
				resetBindable:Destroy()
			end
			break
		end		
	end
end)()


FESync(DeadChar["Head"],CloneChar["Head"])
FESync(DeadChar["Torso"],CloneChar["Torso"])
FESync(DeadChar["Left Arm"],CloneChar["Left Arm"])
FESync(DeadChar["Right Arm"],CloneChar["Right Arm"])
FESync(DeadChar["Left Leg"],CloneChar["Left Leg"])
FESync(DeadChar["Right Leg"],CloneChar["Right Leg"])

for _,v in pairs(DeadChar:GetChildren()) do
	if v:IsA("BasePart") and v.Name ~= "Head" then
		--[[local bv = Instance.new("BodyVelocity",v)
		bv.Velocity = Vector3.new(0,0,0)
		coroutine.wrap(function()
			while true do
				game:GetService("RunService").RenderStepped:wait()
				if HumanDied then break end
				v.CFrame = CloneChar[v.Name].CFrame
			end
		end)()]]
	elseif v:IsA("BasePart") and v.Name == "Head" then
		local bv = Instance.new("BodyVelocity",v)
		bv.Velocity = Vector3.new(0,0,0)
		coroutine.wrap(function()
			while true do
				game:GetService("RunService").RenderStepped:wait()
				if HumanDied then break end
				v.CFrame = DeadChar.Torso.CFrame * CFrame.new(0,1.5,0)
			end
		end)()
	end
end

for _,BodyParts in next, CloneChar:GetDescendants() do
	if BodyParts:IsA("BasePart") or BodyParts:IsA("Part") then
		BodyParts.Transparency = 1 end end
game:GetService("RunService").RenderStepped:wait()
game:FindFirstChildOfClass("Players").LocalPlayer.Character = CloneChar
game:FindFirstChildOfClass("Workspace"):FindFirstChildOfClass("Camera").CameraSubject = CloneChar.Humanoid

for _,v in next, DeadChar:GetChildren() do
	if v:IsA("Accessory") then
		if v.Handle:FindFirstChildOfClass("Weld") then v.Handle:FindFirstChildOfClass("Weld"):Destroy() end
	end
end
game:GetService('RunService').Stepped:connect(function()
	game.Players.LocalPlayer.Character.Head.CanCollide = false
	game.Players.LocalPlayer.Character.Torso.CanCollide = false
	game.Players.LocalPlayer.Character.HumanoidRootPart.CanCollide = false
end)







ArtificialHB = Instance.new('BindableEvent', script)
ArtificialHB.Name = 'Heartbeat'
script:WaitForChild('Heartbeat')
frame = 1 / 60
tf = 0
allowframeloss = false
tossremainder = false
lastframe = tick()
script.Heartbeat:Fire()

game:GetService('RunService').Heartbeat:connect(function(s, p)
	tf = tf + s
	if tf >= frame then
		if allowframeloss then
			script.Heartbeat:Fire()
			lastframe = tick()
		else
			for i = 1, math.floor(tf / frame) do
				script.Heartbeat:Fire()
			end
			lastframe = tick()
		end
		if tossremainder then
			tf = 0
		else
			tf = tf - frame * math.floor(tf / frame)
		end
	end
end)

function swait(t)
	if t == 0 or t == nil then
		script.Heartbeat.Event:Wait()
	else
		for i = 0, t do
			script.Heartbeat.Event:Wait()
		end
	end
end
local Music = Instance.new("Sound",CloneChar.Head)
Music.Volume = 2
Music.SoundId = "rbxassetid://4009357441"
Music.Looped = true
Music:Play()
local TweenService = game:GetService("TweenService")
local CF = CFrame.new
local CFA = CFrame.Angles
local head = CloneChar:WaitForChild("Head")
local tors = CloneChar:WaitForChild("Torso")
local huma = CloneChar:WaitForChild("Humanoid")
huma.DisplayName = " "
local neck = Instance.new("Weld",tors)
neck.Part0 = tors
neck.Part1 = head
neck.C0 = CF(0,1.5,0)
local nek = neck.C1
neck.Enabled = true
local root = CloneChar.HumanoidRootPart.RootJoint.C0
local rs = tors["Right Shoulder"].C0
local ls = tors["Left Shoulder"].C0
local rh = tors["Right Hip"].C0
local lh = tors["Left Hip"].C0
local RootPart = CloneChar:WaitForChild("HumanoidRootPart")
local Humanoid = CloneChar.Humanoid
local ActiveTracks = Humanoid:GetPlayingAnimationTracks()

local MakeTween = function(timetack,easingstyle,easingdirection,repeats,flipflop)
	local newtween = TweenInfo.new(
		timetack, 
		easingstyle, 
		easingdirection, 
		repeats, 
		flipflop, 
		0 
	)
	return newtween
end
local DOTWEEN = function(Part,tim,value)
	local Tween = MakeTween(tim,Enum.EasingStyle.Circular,Enum.EasingDirection.InOut,0,false)
	TweenService:Create(Part,Tween,{C0= value}):Play()
end
local LerpStyle = function(lerpmagnet,easingstyle,easingdirection)
	local newstyle = TweenService:GetValue(lerpmagnet,easingstyle,easingdirection)
	return newstyle
end


local TableFrameVal =   {{-0.033333335071802, CFrame.new(0.10571585595608, 0.032222524285316, -0.26000249385834, 0.84572505950928, 0.49860149621964, 0.19012027978897, -0.5230627655983, 0.84511053562164, 0.11042439937592, -0.10561487078667, -0.19283351302147, 0.97553104162216), CFrame.new(0.4551722407341, -0.17272502183914, 0.045883685350418, -0.47370275855064, -0.76551473140717, -0.43542259931564, -0.27802106738091, -0.33914521336555, 0.89871293306351, -0.83564937114716, 0.54677945375443, -0.052175179123878), CFrame.new(-0.34234130382538, 0.17552609741688, 0.29063647985458, -0.14091846346855, 0.38383337855339, 0.91258645057678, -0.9138058423996, -0.40509504079819, 0.029276054352522, 0.38092136383057, -0.82980120182037, 0.40783455967903), CFrame.new(0.87254703044891, 0.083462916314602, 9.1611596872099e-05, 0.89135527610779, 0.45330539345741, 0, -0.45330539345741, 0.89135533571243, -1.0430812835693e-07, -2.9802322387695e-08, 7.4505805969238e-08, 1), CFrame.new(-0.037986129522324, 0.35608002543449, 0.028563968837261, 0.89327013492584, -0.44952037930489, 1.1920928955078e-07, 0.37559449672699, 0.7463675737381, 0.54942190647125, -0.246976390481, -0.49078211188316, 0.83554512262344), CFrame.new(0.00031400099396706, -4.8428773880005e-08, 1.4662742614746e-05, 0.98667281866074, -0.16222214698792, 0.012677662074566, 0.16079598665237, 0.98399776220322, 0.076767064630985, -0.024928089231253, -0.073705472052097, 0.99696850776672)}, {-0.033333335071802, CFrame.new(0.10535085201263, 0.025073386728764, -0.25544172525406, 0.8500474691391, 0.49295184016228, 0.18552023172379, -0.51623946428299, 0.84963202476501, 0.10780714452267, -0.10448018461466, -0.18741403520107, 0.97670871019363), CFrame.new(0.44420903921127, -0.17043033242226, 0.050314724445343, -0.43114811182022, -0.78929483890533, -0.43717876076698, -0.27164220809937, -0.34849864244461, 0.8970839381218, -0.86041975021362, 0.50553208589554, -0.064151525497437), CFrame.new(-0.34034490585327, 0.17413091659546, 0.28396126627922, -0.13840389251709, 0.39926278591156, 0.90632975101471, -0.90817618370056, -0.41619867086411, 0.044660925865173, 0.39504471421242, -0.81692582368851, 0.42020457983017), CFrame.new(0.85302889347076, 0.082753658294678, 0.0011407246347517, 0.89570415019989, 0.44464844465256, -0.0013483598595485, -0.44463568925858, 0.89569497108459, 0.0054395636543632, 0.0036264122463763, -0.0042727114632726, 0.99998426437378), CFrame.new(-0.037179674953222, 0.35116451978683, 0.027935322374105, 0.8969829082489, -0.44204556941986, 0.0041507929563522, 0.36830723285675, 0.75248265266418, 0.54600328207016, -0.24448174238205, -0.48822686076164, 0.83777272701263), CFrame.new(0.00030759209766984, 2.6545355922281e-06, 1.4417026250158e-05, 0.98681175708771, -0.16140122711658, 0.012336228042841, 0.15990202128887, 0.98382091522217, 0.080794937908649, -0.025177039206028, -0.077756814658642, 0.99665439128876)}, {-0.033333331346512, CFrame.new(0.10425582528114, 0.0036259740591049, -0.24175950884819, 0.86267745494843, 0.47567602992058, 0.17181375622749, -0.4956062734127, 0.86280381679535, 0.099719882011414, -0.10080721974373, -0.17117807269096, 0.98006939888), CFrame.new(0.41131949424744, -0.16354629397392, 0.063607826828957, -0.29722410440445, -0.84795892238617, -0.43888932466507, -0.24980008602142, -0.37459367513657, 0.89290523529053, -0.92155200242996, 0.37502738833427, -0.1004821062088), CFrame.new(-0.33435574173927, 0.16994535923004, 0.26393562555313, -0.13238304853439, 0.44497066736221, 0.88570660352707, -0.88967877626419, -0.44727784395218, 0.091731488704681, 0.4369745850563, -0.77585053443909, 0.45509266853333), CFrame.new(0.79447442293167, 0.080625876784325, 0.0042880633845925, 0.90821444988251, 0.41846609115601, -0.0057083922438323, -0.41826224327087, 0.90806770324707, 0.021674847230315, 0.014253795146942, -0.017297806218266, 0.99974876642227), CFrame.new(-0.034760307520628, 0.33641800284386, 0.026049375534058, 0.90769773721695, -0.41930428147316, 0.016395337879658, 0.34618404507637, 0.77034652233124, 0.53546512126923, -0.23715287446976, -0.48036468029022, 0.84439820051193), CFrame.new(0.00028836537967436, 1.0763428690552e-05, 1.3679874427908e-05, 0.98722493648529, -0.15892951190472, 0.011332163587213, 0.1572135835886, 0.98318803310394, 0.092872060835361, -0.025901755318046, -0.089904047548771, 0.99561357498169)}, {-0.033333338797092, CFrame.new(0.1024307757616, -0.03211971372366, -0.21895577013493, 0.88258016109467, 0.44582480192184, 0.14930680394173, -0.46071082353592, 0.88342529535294, 0.08547055721283, -0.093796521425247, -0.14422187209129, 0.98508995771408), CFrame.new(0.35650357604027, -0.15207287669182, 0.08576300740242, -0.059928238391876, -0.90089321136475, -0.42988395690918, -0.20552361011505, -0.41029500961304, 0.88849222660065, -0.97681570053101, 0.14159694314003, -0.16056674718857), CFrame.new(-0.32437381148338, 0.16296941041946, 0.23055955767632, -0.12748485803604, 0.51867496967316, 0.84541356563568, -0.85371649265289, -0.49127745628357, 0.1726698577404, 0.5048919916153, -0.69973063468933, 0.50543159246445), CFrame.new(0.69688361883163, 0.077079586684704, 0.0095336278900504, 0.92724525928497, 0.37419226765633, -0.014013704843819, -0.37316086888313, 0.92650258541107, 0.048414137214422, 0.031099926680326, -0.039662417024374, 0.99872899055481), CFrame.new(-0.030728032812476, 0.31184044480324, 0.022906133905053, 0.92412126064301, -0.38039141893387, 0.036086022853851, 0.30848556756973, 0.79847723245621, 0.51698237657547, -0.22546952962875, -0.46662238240242, 0.85523504018784), CFrame.new(0.00025632083998062, 2.4278249838972e-05, 1.2451288057491e-05, 0.98790091276169, -0.15478108823299, 0.0097264442592859, 0.15271167457104, 0.98179215192795, 0.11297483742237, -0.027035715058446, -0.11012260615826, 0.99355030059814)}, {-0.033333331346512, CFrame.new(0.099875725805759, -0.08216367661953, -0.18703055381775, 0.90796172618866, 0.40192323923111, 0.11858847737312, -0.41092377901077, 0.90942347049713, 0.06395722925663, -0.082141250371933, -0.1068015396595, 0.99088150262833), CFrame.new(0.27976131439209, -0.1360100954771, 0.11678025126457, 0.27701804041862, -0.87654286623001, -0.39361634850502, -0.13177746534348, -0.44043508172035, 0.88806092739105, -0.9517856836319, -0.19413927197456, -0.23751723766327), CFrame.new(-0.3103991150856, 0.15320309996605, 0.18383306264877, -0.13150590658188, 0.61483609676361, 0.7776135802269, -0.79352128505707, -0.53544950485229, 0.28916800022125, 0.5941635966301, -0.57902562618256, 0.55830007791519), CFrame.new(0.5602565407753, 0.072114780545235, 0.016877420246601, 0.94996953010559, 0.31110486388206, -0.027777103707194, -0.30785104632378, 0.9476266503334, 0.085037857294083, 0.052778013050556, -0.07223217189312, 0.9959904551506), CFrame.new(-0.025082847103477, 0.27743193507195, 0.018505595624447, 0.94403237104416, -0.32396155595779, 0.062062904238701, 0.25413680076599, 0.83429080247879, 0.48925790190697, -0.21027927100658, -0.4461028277874, 0.86992812156677), CFrame.new(0.00021145849314053, 4.3199001083849e-05, 1.0731268048403e-05, 0.98882055282593, -0.14891570806503, 0.0076218126341701, 0.14636799693108, 0.97912269830704, 0.14105020463467, -0.028467275202274, -0.13835774362087, 0.98997312784195)}, {-0.033333331346512, CFrame.new(0.096590653061867, -0.14650590717793, -0.1459838449955, 0.93618023395538, 0.34214445948601, 0.080645769834518, -0.34563079476357, 0.93776327371597, 0.033754855394363, -0.064077600836754, -0.059474289417267, 0.99617105722427), CFrame.new(0.18109267950058, -0.11535795032978, 0.15665957331657, 0.65904223918915, -0.683653652668, -0.31349813938141, -0.030101835727692, -0.440469622612, 0.89726281166077, -0.75150334835052, -0.58189725875854, -0.31086733937263), CFrame.new(-0.29243159294128, 0.1406464278698, 0.12375614792109, -0.15507394075394, 0.72236603498459, 0.67389887571335, -0.70189040899277, -0.56060123443604, 0.43940475583076, 0.69519942998886, -0.40486291050911, 0.59395617246628), CFrame.new(0.38459318876266, 0.065731450915337, 0.026319434866309, 0.97226947546005, 0.228670835495, -0.049007255584002, -0.22075760364532, 0.96657145023346, 0.1304057687521, 0.077189013361931, -0.1159708276391, 0.99024873971939), CFrame.new(-0.017824754118919, 0.23319241404533, 0.012847762554884, 0.96420472860336, -0.24848483502865, 0.092544637620449, 0.18197317421436, 0.87395590543747, 0.45065161585808, -0.19286000728607, -0.41767975687981, 0.88788998126984), CFrame.new(0.000153778353706, 6.7525674239732e-05, 8.5198153101373e-06, 0.98995578289032, -0.14128293097019, 0.0051642162725329, 0.13814924657345, 0.9744678735733, 0.17699474096298, -0.030038692057133, -0.17450353503227, 0.9841982126236)}, {-0.033333331346512, CFrame.new(0.092575564980507, -0.22514642775059, -0.095815658569336, 0.9636544585228, 0.26457566022873, 0.03701138868928, -0.26451009511948, 0.96435928344727, -0.0067454460076988, -0.03747696056962, -0.0032896059565246, 0.999292075634), CFrame.new(0.060497671365738, -0.090116441249847, 0.20540095865726, 0.94795107841492, -0.25782740116119, -0.1868525147438, 0.077387437224388, -0.3826739192009, 0.92063677310944, -0.30886891484261, -0.88717865943909, -0.34280356764793), CFrame.new(-0.2704713344574, 0.12529936432838, 0.05032879114151, -0.21030044555664, 0.822305560112, 0.52876007556915, -0.57423758506775, -0.54162162542343, 0.61391949653625, 0.79121732711792, -0.1745263338089, 0.58610206842422), CFrame.new(0.16989348828793, 0.057929608970881, 0.037859674543142, 0.98866212368011, 0.12703587114811, -0.080056555569172, -0.11074180901051, 0.97692942619324, 0.18260642886162, 0.1014071777463, -0.17167046666145, 0.97992134094238), CFrame.new(-0.0089537482708693, 0.17912185192108, 0.0059326309710741, 0.98034632205963, -0.15262979269028, 0.12500116229057, 0.09110264480114, 0.91224527359009, 0.39938563108444, -0.17498984932899, -0.38014829158783, 0.90822124481201), CFrame.new(8.32803780213e-05, 9.7258285677526e-05, 5.8169266594632e-06, 0.99126929044724, -0.1318286806345, 0.0025445148348808, 0.12802411615849, 0.96691983938217, 0.22062614560127, -0.03154519200325, -0.21837416291237, 0.97535514831543)}, {-0.033333346247673, CFrame.new(0.08783046156168, -0.31808519363403, -0.036525964736938, 0.98580485582352, 0.1675928235054, -0.010070599615574, -0.16789510846138, 0.98402988910675, -0.059130012989044, 4.6566128730774e-09, 0.05998145788908, 0.99819946289063), CFrame.new(-0.082023695111275, -0.060285568237305, 0.26300442218781, 0.93612062931061, 0.34881520271301, -0.044785104691982, 0.14119201898575, -0.25614163279533, 0.95627212524414, 0.32209092378616, -0.90150940418243, -0.28902944922447), CFrame.new(-0.24451830983162, 0.10716193914413, -0.036448985338211, -0.30769819021225, 0.88683885335922, 0.34472984075546, -0.41308736801147, -0.45089247822762, 0.79123622179031, 0.85713511705399, 0.10105839371681, 0.50508064031601), CFrame.new(-0.083842501044273, 0.048709247261286, 0.051498144865036, 0.99233120679855, 0.0076558589935303, -0.12336990237236, 0.022183164954185, 0.97084528207779, 0.2386781424284, 0.12160038948059, -0.23958452045918, 0.96323031187057), CFrame.new(0.0015301671810448, 0.11522029340267, -0.002239796333015, 0.98710262775421, -0.035782519727945, 0.15603829920292, -0.018609438091516, 0.94244456291199, 0.33384403586388, -0.15900321304798, -0.3324421942234, 0.9296236038208), CFrame.new(-3.5390257835388e-08, 0.00013239681720734, 2.6226043701172e-06, 0.99271297454834, -0.12050312757492, 7.0780515670776e-08, 0.11597186326981, 0.95538395643234, 0.27164682745934, -0.032734356820583, -0.2696672976017, 0.96239709854126)}, {-0.033333331346512, CFrame.new(0.10420739650726, -0.32029414176941, -0.16255284845829, 0.99980187416077, 0.0130405575037, -0.01503973454237, -0.012954439967871, 0.99989920854568, 0.0058093308471143, 0.015113975852728, -0.0056133489124477, 0.99987000226974), CFrame.new(0.026503786444664, -0.072235032916069, 0.26622360944748, 0.83703458309174, 0.35016688704491, -0.4204238653183, 0.42649182677269, 0.063782893121243, 0.90223973989487, 0.34275037050247, -0.93451327085495, -0.095954835414886), CFrame.new(-0.29734414815903, 0.06638091057539, 0.052298869937658, -0.33737689256668, 0.82952409982681, 0.4450469315052, 0.0045978426933289, -0.47130769491196, 0.88195693492889, 0.94135856628418, 0.29959806799889, 0.15519416332245), CFrame.new(-0.016866337507963, 0.21186012029648, 0.027061689645052, 0.97457450628281, 0.19341823458672, -0.11311013996601, -0.15793395042419, 0.95107293128967, 0.26555055379868, 0.15893830358982, -0.24093486368656, 0.95743876695633), CFrame.new(-0.24768525362015, 0.18632945418358, 0.17274568974972, 0.97743213176727, -0.17765726149082, 0.11429949104786, 0.14636422693729, 0.9596751332283, 0.24000252783298, -0.15232856571674, -0.21785680949688, 0.96401995420456), CFrame.new(0.00019140848598909, -2.5199638912454e-05, -9.8957796581089e-05, 0.99993091821671, 0.0061411145143211, 0.010018571279943, -0.0077352193184197, 0.98579609394073, 0.1677682697773, -0.0088459840044379, -0.16783419251442, 0.98577553033829)}, {-0.033333331346512, CFrame.new(0.11760670691729, -0.32210144400597, -0.2656657397747, 0.99320060014725, -0.11335036158562, -0.02653931081295, 0.114726126194, 0.99171155691147, 0.057846132665873, 0.019762460142374, -0.060497563332319, 0.9979727268219), CFrame.new(0.11529898643494, -0.082011863589287, 0.26885747909546, 0.68194735050201, 0.25971555709839, -0.68373644351959, 0.6113263964653, 0.31081250309944, 0.72778815031052, 0.40153169631958, -0.91429942846298, 0.053186804056168), CFrame.new(-0.34056526422501, 0.033014617860317, 0.12491075694561, -0.32373535633087, 0.78354305028915, 0.53033536672592, 0.3491638302803, -0.42201781272888, 0.83665138483047, 0.87936335802078, 0.45602756738663, -0.13696277141571), CFrame.new(0.037932340055704, 0.34534719586372, 0.0070682279765606, 0.93475288152695, 0.34063386917114, -0.10102304071188, -0.3006843328476, 0.90988981723785, 0.28581371903419, 0.18927764892578, -0.23678915202618, 0.95294541120529), CFrame.new(-0.45158874988556, 0.24450968205929, 0.31591564416885, 0.95150911808014, -0.29385727643967, 0.090984925627708, 0.27772670984268, 0.94779461622238, 0.15669475495815, -0.13228091597557, -0.12382755428553, 0.98344725370407), CFrame.new(0.00034804438473657, -0.00015414218069054, -0.00018206900858786, 0.99388784170151, 0.11009668558836, 0.0081018852069974, -0.11039083451033, 0.99058723449707, 0.080936849117279, 0.00088525493629277, -0.08133652806282, 0.99668627977371)}, {-0.033333331346512, CFrame.new(0.12802839279175, -0.32350713014603, -0.34586465358734, 0.97689646482468, -0.20994275808334, -0.039966568350792, 0.21291050314903, 0.97225016355515, 0.096947111189365, 0.018504155799747, -0.10321659594774, 0.99448680877686), CFrame.new(0.1843619197607, -0.089616075158119, 0.27090609073639, 0.52828335762024, 0.13955193758011, -0.83752131462097, 0.70811355113983, 0.47186341881752, 0.52528095245361, 0.46849966049194, -0.87055730819702, 0.15045896172523), CFrame.new(-0.37418168783188, 0.0070630609989166, 0.18138664960861, -0.29036825895309, 0.75230115652084, 0.5913792848587, 0.58937793970108, -0.34627246856689, 0.72988301515579, 0.75387001037598, 0.56048065423965, -0.34284335374832), CFrame.new(0.080553516745567, 0.44917044043541, -0.0084822401404381, 0.88864690065384, 0.44977089762688, -0.089514225721359, -0.40651658177376, 0.86292642354965, 0.30017021298409, 0.21225202083588, -0.23035630583763, 0.9496762752533), CFrame.new(-0.61018037796021, 0.2897609770298, 0.42726999521255, 0.92054653167725, -0.38235247135162, 0.080004513263702, 0.37542808055878, 0.92254632711411, 0.089230388402939, -0.1079253256321, -0.052104786038399, 0.9927926659584), CFrame.new(0.00046987226232886, -0.00025443080812693, -0.00024671107530594, 0.98181438446045, 0.18984328210354, 0.00032964360434562, -0.18983067572117, 0.98172599077225, 0.013355164788663, 0.0022117686457932, -0.013174868188798, 0.99991077184677)}, {-0.033333331346512, CFrame.new(0.13547244668007, -0.32451117038727, -0.40314960479736, 0.95937263965607, -0.27733340859413, -0.051867850124836, 0.28174301981926, 0.95146143436432, 0.12386264652014, 0.014999007806182, -0.13344384729862, 0.9909428358078), CFrame.new(0.23369258642197, -0.095047652721405, 0.27236932516098, 0.40790468454361, 0.032429784536362, -0.91244840621948, 0.74721682071686, 0.56243294477463, 0.35402858257294, 0.52467203140259, -0.82620668411255, 0.20518699288368), CFrame.new(-0.39819344878197, -0.011473768390715, 0.22172658145428, -0.25574791431427, 0.73387336730957, 0.62930345535278, 0.73484587669373, -0.27540051937103, 0.61980330944061, 0.62816762924194, 0.62095439434052, -0.46885073184967), CFrame.new(0.11099722981453, 0.52332997322083, -0.019589718431234, 0.84799098968506, 0.52389812469482, -0.080262273550034, -0.47840228676796, 0.82177376747131, 0.30954656004906, 0.22812828421593, -0.22409507632256, 0.94749081134796), CFrame.new(-0.72346013784409, 0.32208329439163, 0.50680887699127, 0.89291191101074, -0.44375336170197, 0.076100662350655, 0.44193297624588, 0.89614605903625, 0.040217734873295, -0.086044058203697, -0.0022795032709837, 0.99628871679306), CFrame.new(0.00055689219152555, -0.00032606555032544, -0.00029288398218341, 0.96931618452072, 0.24566894769669, -0.0085395686328411, -0.24581724405289, 0.9687026143074, -0.03448299318552, -0.00019909674301744, 0.035524092614651, 0.99936878681183)}, {-0.033333331346512, CFrame.new(0.13993889093399, -0.32511362433434, -0.43752056360245, 0.94655412435532, -0.31693413853645, -0.05990007147193, 0.32232680916786, 0.93628889322281, 0.13952957093716, 0.011862095445395, -0.15137968957424, 0.9884045124054), CFrame.new(0.26329097151756, -0.098306588828564, 0.27324730157852, 0.33368092775345, -0.038394540548325, -0.94190394878387, 0.75782918930054, 0.6051909327507, 0.24380099773407, 0.56067109107971, -0.79515397548676, 0.23103713989258), CFrame.new(-0.41260048747063, -0.022595865651965, 0.24593052268028, -0.23126697540283, 0.72472411394119, 0.64906895160675, 0.80891495943069, -0.2274267077446, 0.542156457901, 0.54052948951721, 0.65042448043823, -0.53364390134811), CFrame.new(0.12926344573498, 0.56782561540604, -0.026254205033183, 0.82064521312714, 0.56658327579498, -0.074330106377602, -0.51979804039001, 0.7941780090332, 0.31478798389435, 0.23738490045071, -0.21969263255596, 0.94624710083008), CFrame.new(-0.79142791032791, 0.34147670865059, 0.55453217029572, 0.87422031164169, -0.47964692115784, 0.075350552797318, 0.48028087615967, 0.8770500421524, 0.010657240636647, -0.071197912096977, 0.026872653514147, 0.99710017442703), CFrame.new(0.00060910417232662, -0.00036904637818225, -0.00032058771466836, 0.96029978990555, 0.27855753898621, -0.015165527351201, -0.2789540886879, 0.9582434296608, -0.06288181245327, -0.0029839323833585, 0.064615875482559, 0.99790573120117)}, {-0.033333331346512, CFrame.new(0.14142769575119, -0.32531443238258, -0.44897755980492, 0.9419030547142, -0.32997661828995, -0.062722362577915, 0.3357161283493, 0.930788397789, 0.14466400444508, 0.010645516216755, -0.15731637179852, 0.98749089241028), CFrame.new(0.27315711975098, -0.099392905831337, 0.27353996038437, 0.30884027481079, -0.062875531613827, -0.94903343915939, 0.75918120145798, 0.61736857891083, 0.20615538954735, 0.57294124364853, -0.78415733575821, 0.23840224742889), CFrame.new(-0.41740283370018, -0.026303231716156, 0.25399851799011, -0.22256110608578, 0.7220219373703, 0.65509623289108, 0.83116453886032, -0.2106705904007, 0.51457113027573, 0.50954115390778, 0.65901613235474, -0.5532318353653), CFrame.new(0.13535219430923, 0.58265751600266, -0.028475701808929, 0.8110533952713, 0.58048796653748, -0.072292625904083, -0.53328287601471, 0.78451102972031, 0.31646791100502, 0.24042010307312, -0.2181199491024, 0.94584453105927), CFrame.new(-0.81408387422562, 0.34794119000435, 0.57043993473053, 0.86764889955521, -0.49143189191818, 0.07536655664444, 0.49278104305267, 0.87015306949615, 0.00079604983329773, -0.065971672534943, 0.036448553204536, 0.99715560674667), CFrame.new(0.00062650814652443, -0.00038337334990501, -0.00032982230186462, 0.95704537630081, 0.28940418362617, -0.017588719725609, -0.28990882635117, 0.95432072877884, -0.072284504771233, -0.0041341432370245, 0.074278682470322, 0.99722903966904)}, {-0.033333331346512, CFrame.new(0.13867627084255, -0.32533836364746, -0.44324144721031, 0.94694149494171, -0.31569424271584, -0.060322791337967, 0.32124498486519, 0.93558514118195, 0.14656771719456, 0.010166518390179, -0.15816946327686, 0.98735964298248), CFrame.new(0.26996591687202, -0.094509214162827, 0.27200746536255, 0.30692631006241, -0.073207318782806, -0.94891357421875, 0.77695125341415, 0.5951139330864, 0.20539289712906, 0.54967546463013, -0.80030006170273, 0.23953461647034), CFrame.new(-0.4161724448204, -0.023572724312544, 0.25118932127953, -0.22234046459198, 0.72961062192917, 0.64670956134796, 0.80948477983475, -0.23156255483627, 0.53954917192459, 0.54341447353363, 0.6434651017189, -0.53912299871445), CFrame.new(0.1309060305357, 0.57707452774048, -0.02845305018127, 0.81464862823486, 0.57493489980698, -0.076142005622387, -0.52727311849594, 0.78891122341156, 0.31559807062149, 0.24151760339737, -0.21695387363434, 0.94583314657211), CFrame.new(-0.80042761564255, 0.34410309791565, 0.56187438964844, 0.86771583557129, -0.49235105514526, 0.068261563777924, 0.49320662021637, 0.86989861726761, 0.0048681311309338, -0.061777468770742, 0.029442898929119, 0.99765557050705), CFrame.new(0.00062559876823798, -0.00038612284697592, -0.000326607900206, 0.95985281467438, 0.28025576472282, -0.011801786720753, -0.28039094805717, 0.95742046833038, -0.068752951920033, -0.0079691354185343, 0.069301821291447, 0.99756395816803)}, {-0.033333361148834, CFrame.new(0.13042198121548, -0.32541015744209, -0.42603316903114, 0.96071720123291, -0.27243050932884, -0.052953071892262, 0.27738925814629, 0.9486488699913, 0.15205432474613, 0.0088096372783184, -0.16076983511448, 0.98695260286331), CFrame.new(0.26039230823517, -0.079858139157295, 0.26740995049477, 0.29937887191772, -0.10380268096924, -0.94847106933594, 0.82624036073685, 0.52535259723663, 0.20330184698105, 0.47717845439911, -0.84452933073044, 0.24304541945457), CFrame.new(-0.41248124837875, -0.015381202101707, 0.24276167154312, -0.21895581483841, 0.75213307142258, 0.62157416343689, 0.73685246706009, -0.29012978076935, 0.61063367128372, 0.63961482048035, 0.59171003103256, -0.49068564176559), CFrame.new(0.11756752431393, 0.56032544374466, -0.028385093435645, 0.82515239715576, 0.55806916952133, -0.087649427354336, -0.50908690690994, 0.80185836553574, 0.31281587481499, 0.24485528469086, -0.21349957585335, 0.94576102495193), CFrame.new(-0.7594587802887, 0.3325888812542, 0.53617769479752, 0.86773556470871, -0.49480760097504, 0.04690932482481, 0.49458467960358, 0.86896198987961, 0.017061036080122, -0.049204349517822, 0.0083961617201567, 0.99875342845917), CFrame.new(0.00062287074979395, -0.00039437130908482, -0.00031696472433396, 0.96758687496185, 0.25248163938522, 0.0053528072312474, -0.25176358222961, 0.96606069803238, -0.057808678597212, -0.019766762852669, 0.0545872785151, 0.99831336736679)}, {-0.033333301544189, CFrame.new(0.11666484922171, -0.3255298435688, -0.39735260605812, 0.9791487455368, -0.19914025068283, -0.040135376155376, 0.20302993059158, 0.96594136953354, 0.16042457520962, 0.0068214330822229, -0.16522820293903, 0.9862317442894), CFrame.new(0.24443632364273, -0.055439688265324, 0.25974744558334, 0.28092631697655, -0.15293824672699, -0.94746518135071, 0.89417099952698, 0.40031948685646, 0.20050549507141, 0.34862378239632, -0.90352320671082, 0.24921327829361), CFrame.new(-0.40632930397987, -0.0017286688089371, 0.22871561348438, -0.20439332723618, 0.78813380002975, 0.58057641983032, 0.59296137094498, -0.37221741676331, 0.7140389084816, 0.77885854244232, 0.49020394682884, -0.39125436544418), CFrame.new(0.095336683094501, 0.53241044282913, -0.028271833434701, 0.84170681238174, 0.52929133176804, -0.10667905956507, -0.47827479243279, 0.82257604598999, 0.30760681629181, 0.25056523084641, -0.20789285004139, 0.94551450014114), CFrame.new(-0.69117742776871, 0.31339848041534, 0.49334993958473, 0.86716437339783, -0.49789556860924, 0.011227030307055, 0.49721756577492, 0.86682432889938, 0.037288129329681, -0.028297454118729, -0.026752660050988, 0.99924153089523), CFrame.new(0.00061832397477701, -0.00040811876533553, -0.00030089274514467, 0.9781619310379, 0.20517405867577, 0.033208999782801, -0.20388558506966, 0.97824001312256, -0.038433909416199, -0.040372010320425, 0.03082375228405, 0.99870920181274)}, {-0.033333361148834, CFrame.new(0.097404852509499, -0.32569739222527, -0.35719993710518, 0.99527287483215, -0.094776526093483