local VLib = loadstring(game:HttpGet("https://raw.githubusercontent.com/vep1032/VepStuff/main/VL"))()
local e = game.Players.LocalPlayer
local Pwp = game:GetService("MarketplaceService"):GetProductInfo(game.PlaceId).Name
local s = VLib:Window("Nextix hub V2", Pwp , "Pro")

local fast =  game:GetService("ReplicatedStorage").Events
local eco = s:Tab("Money")
local Main = s:Tab("Rebirth")
local f = s:Tab("Food")
local buy = s:Tab("Gem buy Menu")
local DEV = s:Tab("DEV MENU")
local TP = s:Tab("TELEPORT MENU")
local Others = s:Tab("Others")

--buy:Button('Gem Shop',function()
 --   game.Players.LocalPlayer.PlayerGui
--end)

Others:Toggle('God mod',function(state)
    if state then
 _G.on = true
while _G.on == true do
task.wait()

    game:GetService("ReplicatedStorage").Events.whyisntitwork:FireServer(ohInstance1)


end
 else
 _G.on = false
end

end)

Others:Button('Random item',function(state)
game:GetService("ReplicatedStorage").Events.giverandomitem:FireServer()
end)

DEV:Button('Buy Bomb devil 1b required and badge',function(state)
-- This script was generated by Hydroxide's RemoteSpy: https://github.com/Upbolt/Hydroxide

local ohInstance1 = game:GetService("Players").LocalPlayer

game:GetService("ReplicatedStorage").Events.BombEvent:FireServer(ohInstance1)
end)

TP:Button('Tp 0 (HOME)',function(state)
game.Players.LocalPlayer.Character.HumanoidRootPart.CFrame = CFrame.new(5.20000648, 7.30000114, 101.599991, 1, 0, 0, 0, 1, 0, 0, 0, 1)
end)

TP:Button('Tp 1 (d)',function(state)
game.Players.LocalPlayer.Character.HumanoidRootPart.CFrame = CFrame.new(-343.734741, 67.3499832, -616.957703, 0.684618473, -5.89069948e-08, -0.728901625, 1.44900358e-09, 1, -7.94551411e-08, 0.728901625, 5.33402762e-08, 0.684618473)
end)

TP:Button('Demon slayer katana thing tp 2 (DEMON SLAYER)',function(state)
game.Players.LocalPlayer.Character.HumanoidRootPart.CFrame = CFrame.new(-474.537872, -119.529221, 100.624619, 0.333162338, -0.942582488, 0.0232619084, -0.0914590284, -0.00775209814, 0.995778739, -0.938423157, -0.333883405, -0.0887903944)
end)

TP:Button('Tp Cookie 3 (C)',function(state)
game.Players.LocalPlayer.Character.HumanoidRootPart.CFrame = CFrame.new(-446.389618, 50.8128052, 14.0783453, -0.594145834, -0.00212003174, 0.804354548, -0.00301942043, -0.999983609, -0.00486597978, 0.804351687, -0.00531978626, 0.594129682)
end)

TP:Button('Tp Bullet 4 (B)',function(state)
game.Players.LocalPlayer.Character.HumanoidRootPart.CFrame = CFrame.new(9830.5459, 2514.41431, -6640.85742, -3.33786011e-06, 1, -6.05359674e-09, -0.999993324, -3.33786011e-06, -0.00366232684, -0.00366232684, -6.05359674e-09, 0.999993265)
end)

TP:Button('Tp BodyPillow 5 (DP)',function(state)
game.Players.LocalPlayer.Character.HumanoidRootPart.CFrame = CFrame.new(-227.784729, 65.8369446, 357.036713, -0.965234637, 0.0739194825, 0.250716686, 0.0773620084, 0.996995509, 0.00388913322, -0.24967593, 0.0231498666, -0.968053102)
end)

TP:Button('Tp Slime 6 (S)',function(state)
game.Players.LocalPlayer.Character.HumanoidRootPart.CFrame = CFrame.new(-353.388214, 48.5319901, 388.34967, 0.999601007, -0.00110258115, 0.0282252561, 0.00114156725, 0.999998391, -0.00136517617, -0.0282237064, 0.00139685255, 0.999600649)
end)

TP:Button('Tp DIARY 7 (DIO DA)',function(state)
game.Players.LocalPlayer.Character.HumanoidRootPart.CFrame = CFrame.new(-395.100433, 53.3031464, -17.3411179, -0.00258715125, -0.850520432, -0.52593565, 0.999995291, -0.00305912877, 2.79736705e-05, -0.00163269683, -0.525933146, 0.850524366)
end)

TP:Button('Tp AMONGUS 8 (A)',function(state)
game.Players.LocalPlayer.Character.HumanoidRootPart.CFrame = CFrame.new(-143.020737, -2.43525743, -69.770813, 0, 0, 1, 0, 1, -0, -1, 0, 0)
end)

TP:Button('Tp One piece 9 (OP)',function(state)
game.Players.LocalPlayer.Character.HumanoidRootPart.CFrame = CFrame.new(-413.787628, 7.30008936, 294.92514, 0.995396674, -9.68071312e-09, 0.0958408192, 1.08424425e-08, 1, -1.16006733e-08, -0.0958408192, 1.25864199e-08, 0.995396674)
end)

TP:Button('Tp Restaurant 10 (R)',function(state)
game.Players.LocalPlayer.Character.HumanoidRootPart.CFrame = CFrame.new(-413.787628, 7.30008936, 294.92514, 0.995396674, -9.68071312e-09, 0.0958408192, 1.08424425e-08, 1, -1.16006733e-08, -0.0958408192, 1.25864199e-08, 0.995396674)
end)

TP:Button('Tp to makima 11 (M)',function(state)
game.Players.LocalPlayer.Character.HumanoidRootPart.CFrame = CFrame.new(-413.787628, 7.30008936, 294.92514, 0.995396674, -9.68071312e-09, 0.0958408192, 1.08424425e-08, 1, -1.16006733e-08, -0.0958408192, 1.25864199e-08, 0.995396674)
end)

DEV:Button('Buy ORB  2b required and badge',function(state)
-- This script was generated by Hydroxide's RemoteSpy: https://github.com/Upbolt/Hydroxide

local ohInstance1 = game:GetService("Players").LocalPlayer

game:GetService("ReplicatedStorage").Events.KeyEvent:FireServer(ohInstance1)
end)

DEV:Button('Buy Light devil 5b required and badge',function(state)

local ohInstance1 = game:GetService("Players").LocalPlayer

game:GetService("ReplicatedStorage").Events.LightEvent:FireServer(ohInstance1)
end)

Others:Button('Test',function(state)
game:GetService("ReplicatedStorage").Events.EatingEvent:FireServer()
end)

Main:Button('Free Rebirth',function(state)
game:GetService("ReplicatedStorage").Events.GiveChainsaw:FireServer()
end)

eco:Button('Money give x1',function()
    -- This script was generated by Hydroxide's RemoteSpy: https://github.com/Upbolt/Hydroxide

local ohInstance1 = game:GetService("Players").LocalPlayer

game:GetService("ReplicatedStorage").Events.bagMEvent:FireServer(ohInstance1)
end)

Main:Button('Give golden bat!',function()
    -- This script was generated by Hydroxide's RemoteSpy: https://github.com/Upbolt/Hydroxide

local ohInstance1 = game:GetService("Players").LocalPlayer

game:GetService("ReplicatedStorage").Events.goldenEvent:FireServer(ohInstance1)
end)
-------------------------(TOGGLE!!!)------------------------
f:Toggle('give all fods',function(state)
   if state then
 _G.on = true
while _G.on == true do
task.wait()
-- This script was generated by Hydroxide's RemoteSpy: https://github.com/Upbolt/Hydroxide

game:GetService("ReplicatedStorage").FoodFolder.burgerGive:FireServer()
task.wait()
-- This script was generated by Hydroxide's RemoteSpy: https://github.com/Upbolt/Hydroxide

game:GetService("ReplicatedStorage").FoodFolder.CookedFishGive:FireServer()
task.wait()
-- This script was generated by Hydroxide's RemoteSpy: https://github.com/Upbolt/Hydroxide

local ohInstance1 = game:GetService("Players").LocalPlayer

game:GetService("ReplicatedStorage").FoodFolder.meatEvent:FireServer(ohInstance1)

task.wait()
-- This script was generated by Hydroxide's RemoteSpy: https://github.com/Upbolt/Hydroxide

game:GetService("ReplicatedStorage").FoodFolder.pizzaGive:FireServer()
task.wait()
-- This script was generated by Hydroxide's RemoteSpy: https://github.com/Upbolt/Hydroxide

game:GetService("ReplicatedStorage").FoodFolder.SushiGive:FireServer()
end
   else
 _G.on = false
 end
end)




eco:Toggle('Auto money low no nothing need',function(state)
    if state then
 _G.on = true
while _G.on == true do
wait(0.1)
    

local ohInstance1 = game:GetService("Players").LocalPlayer

workspace.pochita.Part.RemoteEvent:FireServer(ohInstance1)
end
 else
 _G.on = false
end



end)


eco:Toggle('Money give loop',function(state)
    if state then
 _G.on = true
while _G.on == true do
task.wait()

    

local ohInstance1 = game:GetService("Players").LocalPlayer

game:GetService("ReplicatedStorage").Events.bagMEvent:FireServer(ohInstance1)
end
 else
 _G.on = false
end



end)

eco:Toggle('Auto money need auto colect from the shop',function(state)
    if state then
 _G.on = true
while _G.on == true do
task.wait()

    

local ohInstance1 = game:GetService("Players").LocalPlayer

workspace.pochita.Part.RemoteEvent:FireServer(ohInstance1)
end
 else
 _G.on = false
end



end)

Others:Toggle('Drink SPEED YAY',function(state)
    if state then
 _G.on = true
while _G.on == true do
task.wait()

    


wait(5)
game:GetService("ReplicatedStorage").Events.DrinkEvent:FireServer()
end
 else
 _G.on = false
end



end)