_G.auto = true
while _G.auto do
game.Players.LocalPlayer.Character.HumanoidRootPart.CFrame = CFrame.new(19.4358425, 93.1928635, 41.465477, -0.0974826738, 0, -0.995237231, 0, 1, 0, 0.995237231, 0, -0.0974826738)
wait(0,5)
game.Players.LocalPlayer.Character.HumanoidRootPart.CFrame = CFrame.new(-54.6883354, 71.3145065, 418.732941, -0.726873755, 0, 0.686771095, 0, 1, 0, -0.686771095, 0, -0.726873755)
wait(0,5)
game.Players.LocalPlayer.Character.HumanoidRootPart.CFrame = CFrame.new(-250.617111, 71.028656, -13.484581, -0.999391913, 0, -0.034868788, 0, 1, 0, 0.034868788, 0, -0.999391913)
wait(0,5)
game.Players.LocalPlayer.Character.HumanoidRootPart.CFrame = CFrame.new(-210.956345, 71.0284271, -43.6412926, -0.999392271, 0, -0.0348687991, 0, 1, 0, 0.0348687991, 0, -0.999392271)
wait(0,5)
game.Players.LocalPlayer.Character.HumanoidRootPart.CFrame = CFrame.new(-211.28447, 71.028656, -14.9650717, -0.999391913, 0, -0.034868788, 0, 1, 0, 0.034868788, 0, -0.999391913)
wait(0,5)
game.Players.LocalPlayer.Character.HumanoidRootPart.CFrame = CFrame.new(-212.030579, 71.028656, 14.6525669, -0.999391913, 0, -0.034868788, 0, 1, 0, 0.034868788, 0, -0.999391913)
wait(0,5)
game.Players.LocalPlayer.Character.HumanoidRootPart.CFrame = CFrame.new(22.937851, 71.3145065, 410.639069, 1, 0, 0, 0, 1, 0, 0, 0, 1)
wait(0,5)
game.Players.LocalPlayer.Character.HumanoidRootPart.CFrame = CFrame.new(-1179.35413, 95.979538, 851.404724, 0.19577992, 0, 0.980647922, 0, 1, 0, -0.980647922, 0, 0.19577992)
wait(0,5)
game.Players.LocalPlayer.Character.HumanoidRootPart.CFrame = CFrame.new(-1209.65198, 95.9775848, 878.180115, -0.716635346, 0, 0.697448075, 0, 1, 0, -0.697448075, 0, -0.716635346)
wait(0,5)
game.Players.LocalPlayer.Character.HumanoidRootPart.CFrame = CFrame.new(-1188.77502, 95.9785614, 928.085388, 0.965929627, 0, -0.258804798, 0, 1, 0, 0.258804798, 0, 0.965929627)
wait(0,5)
game.Players.LocalPlayer.Character.HumanoidRootPart.CFrame = CFrame.new(-1147.1001, 95.9766083, 892.59613, -0.829137802, 0, -0.559045017, 0, 1, 0, 0.559045017, 0, -0.829137802)
wait(0,5)
game.Players.LocalPlayer.Character.HumanoidRootPart.CFrame = CFrame.new(-914.982727, 95.9858398, 994.390198, 0.965929627, 0, -0.258804798, 0, 1, 0, 0.258804798, 0, 0.965929627)
wait(0,5)
game.Players.LocalPlayer.Character.HumanoidRootPart.CFrame = CFrame.new(-872.825806, 95.9858398, 959.608398, 0.965929627, 0, -0.258804798, 0, 1, 0, 0.258804798, 0, 0.965929627)
wait(0,5)
game.Players.LocalPlayer.Character.HumanoidRootPart.CFrame = CFrame.new(-936.467407, 95.9858398, 945.108154, 0.965929627, 0, -0.258804798, 0, 1, 0, 0.258804798, 0, 0.965929627)
wait(0,5)
game.Players.LocalPlayer.Character.HumanoidRootPart.CFrame = CFrame.new(-905.185669, 95.9858398, 917.748352, 0.965929627, 0, -0.258804798, 0, 1, 0, 0.258804798, 0, 0.965929627)
wait(0,5)
game.Players.LocalPlayer.Character.HumanoidRootPart.CFrame = CFrame.new(-948.170715, 95.9858398, 898.154358, -0.351612926, 0, -0.936145604, 0, 1, 0, 0.936145604, 0, -0.351612926)
wait(0,5)
game.Players.LocalPlayer.Character.HumanoidRootPart.CFrame = CFrame.new(-1096.27393, 95.9824677, 861.751404, 0.161260128, 0, 0.986911893, 0, 1, 0, -0.986911893, 0, 0.161260128)
wait(0,5)
game.Players.LocalPlayer.Character.HumanoidRootPart.CFrame = CFrame.new(-181.549652, 71.028656, -3.28520632, -0.999391913, 0, -0.034868788, 0, 1, 0, 0.034868788, 0, -0.999391913)
wait(0,5)
game.Players.LocalPlayer.Character.HumanoidRootPart.CFrame = CFrame.new(26.5082169, 71.3145065, 339.309875, 1, 0, 0, 0, 1, 0, 0, 0, 1)
wait(0,5)
game.Players.LocalPlayer.Character.HumanoidRootPart.CFrame = CFrame.new(-46.6725883, 71.3145065, 265.191559, 0.839716613, 0, -0.543024898, 0, 1, 0, 0.543024898, 0, 0.839716613)
wait(0,5)
game.Players.LocalPlayer.Character.HumanoidRootPart.CFrame = CFrame.new(17.7346458, 71.3145065, 295.356079, 1, 0, 0, 0, 1, 0, 0, 0, 1)
wait(0,5)
game.Players.LocalPlayer.Character.HumanoidRootPart.CFrame = CFrame.new(-157.580536, 71.3145065, 294.699799, 0.562042475, 0, 0.827108383, 0, 1, 0, -0.827108383, 0, 0.562042475)
wait(0,5)
game.Players.LocalPlayer.Character.HumanoidRootPart.CFrame = CFrame.new(-106.96257, 71.3145065, 270.730682, 1, 0, 0, 0, 1, 0, 0, 0, 1)
wait(0,5)
game.Players.LocalPlayer.Character.HumanoidRootPart.CFrame = CFrame.new(-114.298622, 71.3145065, 347.66156, 0.933933139, 0, 0.357447743, 0, 1, 0, -0.357447743, 0, 0.933933139)
wait(0,5)
game.Players.LocalPlayer.Character.HumanoidRootPart.CFrame = CFrame.new(-145.806915, 71.3145065, 405.732758, 1, 0, 0, 0, 1, 0, 0, 0, 1)
wait(0,5)
end